2,4
8,10
10,14
14,7
15,11
16,0
1,23
3,23
8,27
9,26
12,18
15,28
-17,20
-17,30
-13,29
-12,20
-12,24
-6,27
-16,7
-15,5
-13,13
-11,15
-8,10
-8,13
-17,-11
-13,-13
-7,-17
-7,-8
-1,-5
-1,-1
0,-10
3,-5
4,-7
6,-2
10,-7
16,-5
22,-9
22,-2
28,-13
30,-6
32,-4
33,-11
18,4
22,7
22,9
28,8
30,10
33,12
17,29
17,33
18,28
21,19
21,20
24,27
20,50
22,39
24,40
28,46
29,35
32,36
3,37
3,40
3,47
6,36
10,37
16,39
-16,45
-14,44
-11,36
-4,37
-3,47
-2,36
-33,44
-31,35
-27,44
-23,40
-22,39
-20,50
-34,27
-33,29
-30,19
-30,22
-29,17
-18,24
-28,6
-27,11
-27,12
-25,15
-18,1
-32,-17
-32,-15
-30,-6
-29,-11
-26,-2
-22,-10
-34,-34
-34,-23
-31,-32
-31,-30
-29,-19
-26,-33
-16,-18
-15,-33
-12,-32
-12,-18
-7,-24
1,-29
8,-32
10,-30
11,-19
13,-29
17,-29
19,-19
22,-33
31,-29
31,-27
31,-24
35,-30
38,-29
44,-32
46,-22
48,-20
50,-34
35,-2
38,-3
40,-15
40,-5
45,-6
46,-10
36,0
36,14
43,5
46,10
47,5
47,7
37,28
37,30
38,29
44,21
48,24
34,50
41,48
44,45
46,40
49,35
50,46
37,58
39,57
39,61
46,63
49,62
50,53
18,52
19,53
19,57
22,61
24,58
33,64
3,64
10,61
11,58
14,58
15,54
16,63
-16,63
-9,59
-9,67
-6,56
-2,55
-2,64
-34,51
-32,55
-31,54
-30,52
-22,61
-20,61
-51,67
-50,65
-49,54
-41,61
-36,63
-35,64
-49,40
-44,37
-44,50
-41,34
-37,40
-36,44
-48,31
-43,18
-41,19
-41,30
-37,20
-49,3
-48,4
-43,16
-41,12
-40,7
-39,4
-47,-3
-45,-16
-45,-11
-45,-5
-41,-15
-36,-2
-50,-32
-48,-34
-45,-23
-44,-28
-42,-21
-40,-24
-50,-46
-49,-48
-47,-49
-43,-48
-43,-39
-36,-39
-32,-47
-25,-44
-21,-50
-20,-40
-19,-47
-18,-46
-17,-51
-12,-49
-12,-37
-8,-35
-2,-40
-1,-51
5,-38
6,-35
7,-38
8,-44
10,-38
14,-35
20,-47
20,-37
23,-41
27,-43
31,-40
31,-38
39,-51
46,-51
46,-37
48,-50
48,-36
49,-51
59,-41
59,-40
65,-35
67,-41
67,-38
67,-35
52,-33
53,-34
55,-27
55,-21
63,-22
64,-29
53,-1
54,-4
57,-15
59,-9
61,-16
61,-4
52,10
52,11
61,13
62,8
63,1
64,8
54,17
61,23
61,28
62,26
65,33
66,26
52,50
56,47
57,43
59,49
60,49
63,44
58,57
60,56
62,55
62,61
62,62
63,67
52,78
56,68
56,83
59,83
64,71
67,83
34,68
37,70
38,73
43,84
46,72
46,79
23,80
26,70
26,71
27,80
31,68
32,71
3,74
3,76
4,69
14,73
15,69
16,79
-17,69
-16,70
-12,71
-9,82
-6,81
-4,74
-32,77
-29,69
-29,80
-29,83
-24,77
-20,72
-51,81
-46,82
-43,80
-41,83
-37,80
-35,68
-65,77
-65,83
-61,69
-58,71
-54,83
-53,80
-67,60
-66,64
-65,51
-58,54
-57,59
-56,61
-68,34
-65,50
-64,49
-57,47
-55,37
-54,49
-67,31
-64,22
-55,17
-55,27
-54,21
-54,22
-66,9
-63,3
-58,12
-56,2
-56,14
-54,10
-68,-15
-67,-12
-55,-15
-54,-6
-53,-16
-52,-14
-68,-24
-63,-32
-60,-22
-59,-32
-59,-22
-52,-18
-64,-40
-59,-45
-58,-37
-52,-51
-52,-49
-52,-40
-67,-58
-65,-57
-63,-53
-59,-60
-58,-68
-55,-66
-51,-68
-45,-56
-44,-55
-41,-64
-40,-59
-39,-66
-29,-55
-28,-64
-28,-57
-26,-63
-21,-66
-21,-53
-16,-55
-12,-53
-11,-62
-10,-63
-8,-52
-3,-53
5,-60
6,-58
7,-62
10,-64
11,-65
11,-58
17,-68
21,-55
22,-58
23,-55
25,-62
28,-60
34,-52
42,-67
45,-62
46,-58
48,-52
50,-67
52,-56
55,-64
56,-54
59,-62
61,-66
64,-56
68,-65
72,-60
75,-52
78,-62
78,-53
80,-60
72,-41
78,-38
79,-49
80,-36
83,-41
68,-25
71,-33
74,-26
77,-34
79,-21
83,-23
69,-13
70,-6
74,-15
74,-4
74,-2
80,-1
71,0
74,9
78,14
81,1
82,10
84,2
74,25
79,20
79,24
80,29
83,23
84,29
68,34
73,37
74,35
74,43
79,47
83,44
70,63
71,67
75,61
77,64
77,66
84,51
69,72
77,82
78,71
79,68
80,84
81,74
74,86
74,98
74,99
77,101
83,85
84,85
52,88
54,97
63,87
64,92
66,85
37,86
44,88
44,89
44,92
45,96
48,88
17,92
17,100
20,88
21,95
27,85
33,101
0,87
0,99
4,92
8,94
13,89
14,99
-17,89
-14,96
-9,93
-8,87
-2,88
-1,87
-32,97
-30,91
-30,93
-25,87
-21,99
-19,91
-50,94
-48,88
-45,93
-42,100
-41,92
-38,89
-68,101
-64,98
-59,91
-59,95
-56,98
-53,97
-78,95
-74,98
-70,89
-70,90
-70,93
-69,97
-84,75
-84,76
-82,72
-82,83
-76,72
-70,78
-81,62
-79,61
-79,62
-77,62
-75,51
-71,54
-85,41
-85,50
-71,39
-71,41
-70,37
-70,38
-82,29
-81,25
-78,22
-74,24
-73,30
-71,26
-85,11
-78,4
-75,8
-74,16
-71,13
-69,11
-80,-10
-78,-13
-78,-7
-76,-11
-75,-3
-69,-7
-84,-25
-81,-23
-73,-32
-72,-29
-70,-19
-79,-43
-77,-42
-76,-36
-74,-39
-73,-45
-70,-50
-83,-63
-83,-53
-80,-58
-79,-60
-76,-66
-69,-66
-83,-85
-83,-80
-83,-70
-82,-71
-79,-85
-78,-79
-65,-74
-63,-83
-62,-81
-61,-84
-55,-83
-52,-71
-50,-72
-48,-82
-46,-78
-44,-78
-40,-84
-39,-78
-29,-84
-29,-80
-29,-71
-28,-75
-21,-70
-20,-78
-17,-85
-16,-80
-16,-69
-10,-85
-9,-72
-7,-75
1,-80
3,-81
3,-75
7,-81
7,-71
11,-75
17,-76
20,-74
20,-70
22,-71
31,-80
32,-78
35,-84
40,-79
40,-74
46,-71
47,-77
47,-73
56,-74
60,-71
63,-84
65,-83
66,-81
67,-81
69,-84
70,-71
75,-72
76,-85
77,-73
78,-73
85,-75
92,-80
93,-82
94,-77
96,-77
101,-80
93,-52
94,-53
95,-68
98,-68
100,-56
100,-53
86,-46
89,-38
89,-35
91,-48
95,-40
98,-50
85,-30
85,-21
90,-26
95,-22
96,-25
100,-31
86,-9
86,-5
89,-5
97,-4
99,-11
99,-2
85,11
86,12
89,13
91,5
95,7
101,9
88,26
89,26
95,33
99,24
100,18
101,20
85,44
86,43
86,49
97,40
97,45
100,39
86,63
92,51
92,63
98,58
100,55
101,60
85,83
89,73
89,80
92,72
101,69
101,80
85,92
86,89
89,95
94,97
99,98
100,91
85,118
89,107
91,107
95,114
95,115
98,117
70,108
76,105
79,106
80,106
80,111
84,115
52,114
53,102
53,115
55,111
56,114
56,118
38,110
39,104
41,108
44,108
50,118
17,105
18,102
20,106
21,111
29,110
32,103
0,106
7,105
9,110
10,110
10,111
14,118
-17,113
-15,104
-13,107
-10,112
-6,108
-6,109
-29,118
-27,108
-25,105
-24,110
-21,103
-18,112
-51,105
-48,110
-45,114
-43,107
-43,114
-36,115
-61,105
-59,104
-56,109
-52,117
-84,104
-78,117
-77,110
-73,106
-71,109
-70,111
-100,114
-100,117
-94,103
-92,115
-90,102
-87,104
-99,97
-94,89
-94,95
-91,88
-88,94
-86,99
-97,81
-95,75
-90,76
-89,75
-88,70
-88,72
-102,52
-101,53
-92,63
-91,62
-89,56
-88,63
-100,37
-96,41
-96,47
-94,50
-93,37
-91,41
-100,32
-98,29
-93,23
-92,17
-89,18
-87,22
-101,8
-98,11
-95,14
-90,5
-89,7
-88,9
-100,-3
-92,-13
-92,-1
-91,-14
-88,-17
-88,-7
-100,-26
-99,-27
-92,-22
-91,-23
-89,-29
-89,-21
-101,-51
-101,-37
-93,-46
-93,-45
-91,-45
-90,-47
-99,-62
-99,-58
-97,-63
-91,-68
-90,-64
-89,-56
-100,-70
-94,-83
-92,-74
-91,-82
-89,-80
-87,-82
-101,-100
-99,-92
-97,-97
-93,-88
-91,-90
-87,-93
-82,-98
-80,-86
-78,-91
-76,-97
-75,-86
-72,-93
-63,-102
-62,-97
-60,-102
-59,-87
-57,-87
-56,-92
-50,-101
-49,-91
-48,-91
-42,-87
-41,-91
-35,-97
-34,-99
-25,-100
-23,-98
-20,-87
-18,-101
-14,-88
-12,-99
-12,-94
-12,-93
-5,-87
-3,-96
1,-100
5,-92
6,-99
6,-88
10,-89
16,-92
17,-94
21,-99
22,-90
25,-94
25,-91
30,-94
36,-102
39,-102
46,-101
47,-87
48,-91
49,-87
51,-99
51,-86
53,-100
56,-102
65,-92
66,-100
68,-92
72,-98
72,-89
77,-94
79,-91
83,-90
93,-94
94,-96
95,-100
97,-95
99,-99
101,-94
104,-100
105,-100
106,-90
109,-99
109,-97
113,-86
103,-71
103,-69
105,-83
109,-78
109,-72
111,-69
108,-55
108,-53
112,-56
114,-61
115,-55
118,-52
104,-49
104,-40
105,-51
110,-49
110,-44
115,-48
104,-19
106,-28
110,-27
115,-28
117,-25
104,-5
108,-2
110,-14
114,-8
116,-12
116,-2
102,11
105,13
106,1
108,10
112,4
114,1
102,32
105,22
111,28
112,21
117,29
102,49
104,49
109,40
111,43
113,48
118,43
106,58
109,55
111,60
117,54
118,64
118,65
102,81
104,83
105,79
107,82
111,71
117,84
103,101
107,91
115,88
115,98
116,95
117,96
103,111
104,103
104,106
112,115
113,118
116,108
103,120
107,126
109,134
113,130
113,135
118,132
87,134
88,135
90,130
90,135
91,131
96,130
69,129
71,124
71,128
73,122
74,126
79,132
51,120
54,130
58,119
62,123
65,123
38,119
41,133
46,124
49,127
50,123
50,135
18,119
18,123
20,120
22,120
23,127
23,132
1,133
5,126
12,123
13,131
14,127
15,133
-16,122
-15,126
-12,119
-8,128
-8,133
-31,127
-26,122
-25,132
-24,121
-23,121
-21,124
-50,124
-47,122
-44,119
-41,129
-40,128
-35,134
-68,130
-68,134
-67,131
-67,132
-56,131
-52,129
-85,127
-75,120
-74,121
-74,135
-73,121
-73,128
-102,125
-99,120
-98,119
-98,123
-98,126
-93,126
-114,121
-114,135
-113,130
-104,131
-103,124
-103,131
-117,113
-115,105
-114,107
-114,116
-111,117
-103,111
-113,86
-113,94
-112,85
-111,87
-111,94
-109,93
-119,75
-114,70
-114,74
-113,78
-111,80
-110,71
-118,57
-117,55
-114,53
-108,53
-103,51
-103,67
-117,45
-113,35
-112,41
-112,44
-109,44
-103,39
-117,33
-110,20
-109,19
-109,20
-108,33
-106,24
-118,3
-114,2
-110,12
-104,14
-103,0
-103,11
-117,-13
-111,-12
-111,-9
-109,-11
-109,-3
-106,-11
-119,-34
-116,-27
-110,-30
-108,-20
-106,-34
-111,-35
-109,-40
-107,-51
-105,-42
-105,-37
-104,-43
-117,-61
-114,-65
-113,-57
-105,-67
-105,-58
-103,-58
-114,-75
-109,-85
-108,-76
-107,-84
-106,-84
-105,-80
-119,-93
-116,-96
-116,-94
-115,-102
-110,-93
-104,-94
-114,-104
-113,-103
-112,-118
-108,-109
-107,-116
-107,-110
-95,-103
-90,-110
-89,-113
-87,-113
-87,-104
-86,-104
-81,-110
-79,-106
-78,-104
-74,-117
-72,-116
-70,-107
-65,-112
-62,-107
-61,-106
-58,-113
-57,-110
-53,-107
-50,-103
-47,-115
-44,-107
-43,-116
-40,-119
-36,-103
-34,-105
-32,-114
-29,-107
-25,-106
-23,-113
-19,-107
-17,-119
-16,-110
-13,-113
-9,-117
-9,-113
-8,-114
0,-111
5,-103
8,-113
12,-106
13,-110
16,-115
19,-108
21,-105
23,-117
24,-108
26,-103
32,-119
34,-114
35,-103
37,-119
39,-103
46,-118
48,-112
55,-118
60,-107
61,-115
61,-114
61,-104
62,-104
71,-108
74,-115
74,-110
81,-115
81,-106
83,-105
93,-104
98,-108
99,-109
99,-107
101,-106
101,-105
102,-116
103,-117
110,-110
111,-116
111,-107
115,-109
119,-112
122,-108
123,-119
124,-111
134,-111
120,-98
120,-97
128,-102
128,-93
130,-89
132,-90
119,-83
119,-74
127,-72
128,-82
128,-77
130,-72
124,-53
127,-68
128,-53
130,-65
132,-56
135,-59
119,-51
124,-36
125,-38
126,-47
127,-35
135,-38
123,-27
130,-33
130,-22
131,-33
133,-34
119,-3
127,-10
129,-12
130,-15
131,-8
132,-5
129,12
130,14
133,1
133,3
134,8
135,1
121,19
124,32
126,24
126,26
129,23
132,24
121,50
123,42
123,49
126,48
133,36
135,48
119,53
125,60
128,52
128,57
129,65
134,57
119,84
121,68
124,73
124,80
125,82
135,83
120,96
124,97
130,96
131,86
133,95
134,97
124,112
124,116
125,115
127,105
129,115
132,108
122,132
126,122
131,130
133,121
133,128
134,126
119,138
125,143
131,151
133,139
135,151
102,147
105,147
106,146
111,141
117,152
118,150
89,145
94,142
95,137
96,152
98,139
99,140
68,147
69,147
70,136
75,150
83,143
84,150
54,152
56,142
56,150
58,140
58,146
67,137
36,140
38,151
41,141
44,148
49,139
49,142
17,140
18,152
21,138
22,147
25,149
25,150
2,141
5,138
5,142
7,144
10,146
14,143
-16,145
-13,147
-13,148
-8,137
-8,143
-3,146
-29,145
-28,150
-27,141
-24,145
-24,148
-23,139
-48,151
-43,141
-41,141
-39,138
-39,149
-37,136
-62,145
-59,143
-59,150
-58,138
-56,137
-53,144
-83,143
-81,138
-73,137
-73,143
-70,138
-102,144
-98,138
-97,151
-96,143
-93,148
-86,152
-115,147
-115,152
-113,148
-112,140
-106,145
-105,140
-136,149
-135,142
-133,139
-122,141
-122,150
-121,138
-136,125
-136,126
-132,121
-131,124
-128,122
-122,120
-132,105
-132,115
-129,102
-123,102
-122,112
-121,114
-136,90
-129,93
-126,92
-126,96
-120,87
-120,101
-135,74
-133,84
-126,76
-126,79
-124,79
-121,74
-131,59
-129,53
-127,66
-124,57
-122,63
-120,65
-135,43
-135,50
-130,45
-129,36
-129,40
-127,49
-133,20
-133,30
-132,19
-132,27
-131,31
-127,23
-136,0
-132,5
-126,7
-126,15
-125,14
-124,13
-135,-14
-127,-10
-125,-13
-124,-14
-123,-17
-121,-11
-133,-27
-131,-23
-130,-21
-129,-29
-127,-19
-124,-28
-131,-40
-130,-47
-126,-44
-124,-38
-122,-39
-120,-36
-136,-67
-136,-61
-133,-62
-129,-62
-122,-62
-121,-66
-134,-85
-133,-75
-131,-74
-129,-84
-128,-70
-120,-76
-135,-92
-132,-94
-132,-90
-130,-87
-129,-92
-121,-98
-130,-110
-130,-109
-130,-104
-125,-110
-122,-115
-120,-108
-134,-133
-129,-135
-129,-134
-127,-133
-120,-134
-120,-128
-112,-131
-112,-124
-109,-129
-107,-129
-107,-125
-93,-128
-92,-123
-88,-132
-87,-134
-86,-135
-82,-126
-81,-134
-80,-132
-75,-131
-74,-135
-69,-131
-64,-135
-61,-123
-60,-131
-60,-125
-53,-134
-52,-122
-46,-126
-45,-134
-42,-129
-41,-123
-39,-133
-38,-129
-29,-121
-28,-120
-24,-136
-23,-136
-23,-129
-22,-134
-14,-126
-12,-125
-12,-123
-11,-125
-10,-134
-3,-128
1,-126
4,-126
4,-124
10,-129
12,-129
16,-121
21,-122
25,-130
26,-123
30,-128
30,-122
33,-123
36,-121
36,-120
41,-128
47,-126
47,-123
50,-136
52,-124
59,-134
62,-134
64,-136
66,-133
67,-120
68,-134
70,-133
71,-125
75,-128
77,-129
80,-134
86,-136
88,-131
90,-129
93,-136
94,-130
94,-126
103,-132
105,-122
105,-120
106,-128
110,-125
113,-129
121,-121
124,-129
131,-128
132,-136
133,-127
135,-126
138,-123
144,-133
144,-128
146,-124
147,-124
150,-124
139,-108
139,-106
140,-112
144,-105
147,-105
151,-108
138,-97
141,-86
147,-99
150,-101
152,-92
152,-90
138,-83
138,-72
146,-69
149,-79
151,-74
151,-72
137,-66
137,-53
140,-60
148,-55
151,-54
152,-61
139,-39
143,-49
145,-44
146,-51
147,-35
148,-45
140,-21
141,-32
145,-32
146,-20
147,-18
152,-23
139,-13
140,-13
141,-6
145,-9
150,-12
150,-10
138,11
141,3
142,3
144,4
149,2
150,0
139,18
143,31
144,29
146,33
149,22
151,27
137,50
142,36
143,38
145,38
149,45
151,49
136,64
142,61
146,56
147,52
148,55
151,65
138,74
139,82
140,76
140,79
141,84
142,76
139,96
141,93
148,89
148,93
149,96
149,99
140,104
141,115
148,112
150,118
151,103
151,116
137,122
138,129
139,125
142,131
143,120
147,129
136,137
137,140
144,148
145,147
145,148
148,152
136,153
136,155
138,167
145,162
147,159
150,153
120,157
121,154
122,156
126,162
127,158
132,155
107,165
107,168
112,153
112,154
117,158
88,157
90,169
93,163
94,159
97,154
99,163
69,164
71,157
72,163
72,169
81,168
83,157
52,169
57,156
58,159
58,166
66,163
67,166
44,157
45,163
47,164
48,169
50,153
50,166
20,158
22,167
26,167
27,160
28,161
30,167
3,160
3,167
4,167
12,163
13,167
16,155
-15,163
-14,158
-6,157
-3,156
-2,166
-2,167
-33,165
-31,165
-31,168
-27,154
-22,154
-20,155
-51,155
-47,166
-45,168
-43,154
-42,153
-37,156
-65,154
-63,153
-62,155
-57,158
-56,165
-53,168
-82,155
-80,161
-78,153
-73,169
-69,166
-69,168
-102,166
-98,167
-96,166
-96,167
-95,166
-91,154
-118,168
-109,169
-108,168
-106,153
-104,161
-103,157
-136,168
-132,158
-127,157
-126,165
-125,158
-125,169
-150,162
-146,160
-145,157
-145,165
-144,155
-141,168
-150,144
-147,137
-146,146
-141,141
-140,138
-138,147
-152,134
-147,120
-147,131
-146,127
-146,133
-144,121
-153,118
-152,102
-152,104
-152,109
-138,114
-138,117
-149,85
-147,88
-147,97
-145,87
-143,87
-142,100
-152,73
-146,68
-145,70
-142,79
-138,84
-137,76
-152,66
-150,54
-148,55
-144,53
-141,60
-139,60
-151,41
-148,36
-148,39
-147,37
-145,36
-139,39
-153,17
-152,25
-151,27
-148,21
-147,33
-137,26
-153,12
-151,0
-149,1
-148,11
-139,16
-137,2
-146,-2
-142,-9
-141,-4
-140,-17
-140,-10
-139,-3
-151,-31
-150,-24
-148,-33
-143,-26
-143,-21
-141,-22
-151,-45
-146,-47
-143,-37
-138,-51
-138,-38
-137,-39
-153,-56
-152,-53
-148,-65
-148,-62
-148,-55
-146,-65
-153,-71
-149,-76
-148,-81
-148,-80
-146,-75
-140,-79
-153,-98
-150,-93
-149,-92
-148,-95
-142,-100
-137,-100
-150,-113
-149,-110
-148,-104
-143,-110
-142,-109
-141,-116
-153,-125
-144,-126
-141,-136
-140,-129
-140,-127
-137,-131
-152,-145
-150,-139
-147,-139
-146,-152
-145,-153
-142,-140
-136,-147
-129,-149
-123,-153
-123,-151
-121,-148
-121,-147
-119,-139
-118,-142
-114,-143
-113,-138
-109,-139
-104,-146
-102,-140
-100,-147
-97,-146
-93,-140
-92,-150
-91,-150
-83,-140
-83,-139
-82,-152
-77,-144
-77,-140
-70,-139
-65,-137
-59,-150
-58,-146
-58,-141
-58,-137
-53,-143
-45,-145
-43,-147
-43,-137
-41,-152
-40,-153
-30,-149
-23,-150
-23,-147
-23,-140
-21,-142
-19,-149
-15,-137
-14,-147
-12,-149
-11,-138
-4,-149
-3,-142
2,-148
5,-143
6,-151
9,-149
10,-142
12,-139
20,-146
22,-152
25,-138
26,-138
28,-146
30,-141
35,-143
36,-150
39,-147
46,-144
48,-138
50,-142
51,-146
57,-137
59,-142
61,-149
63,-148
67,-143
69,-137
71,-149
72,-152
74,-150
75,-146
84,-138
85,-146
85,-143
85,-139
90,-153
95,-146
100,-145
103,-146
109,-148
111,-142
112,-139
115,-146
117,-145
122,-144
124,-147
130,-142
133,-149
135,-148
135,-144
138,-152
144,-153
144,-137
146,-137
150,-143
151,-141
153,-153
154,-149
154,-146
155,-148
157,-150
157,-139
153,-125
154,-131
155,-128
156,-121
164,-130
159,-110
159,-105
161,-108
162,-103
163,-114
169,-108
154,-86
158,-101
158,-93
159,-96
160,-92
163,-98
153,-80
157,-79
159,-74
169,-76
169,-72
156,-57
156,-55
165,-56
168,-61
168,-52
169,-61
155,-42
157,-41
158,-49
159,-48
160,-36
163,-43
154,-18
155,-28
161,-30
163,-30
164,-25
165,-20
156,-9
165,-12
166,-14
166,-7
168,-14
168,-13
154,2
156,8
156,9
157,12
165,13
166,12
153,23
153,32
159,32
166,28
167,22
169,30
157,44
159,47
164,34
165,44
168,38
168,42
154,57
156,54
159,59
161,51
166,67
168,55
155,71
155,74
165,81
167,80
167,84
169,81
156,92
158,96
159,95
163,93
165,89
166,95
154,107
156,111
159,111
160,118
164,105
168,112
154,132
156,120
161,120
165,134
166,133
166,134
154,150
155,140
161,140
161,151
162,141
169,151
154,155
155,163
158,158
160,153
163,161
165,153
155,171
156,177
157,178
158,178
166,178
166,185
138,171
140,185
146,185
147,174
148,173
151,171
123,179
127,178
128,171
128,175
129,178
133,183
103,174
105,172
105,181
109,182
110,175
118,184
90,177
90,182
90,185
96,182
98,180
98,184
68,181
70,177
72,183
73,176
78,181
81,172
53,172
57,172
59,186
60,182
62,175
67,182
35,175
39,177
42,176
44,184
46,184
50,173
24,181
25,172
26,173
26,174
30,184
31,186
2,176
4,171
4,172
9,181
9,182
12,180
-17,183
-5,181
-4,184
-3,173
-3,185
-1,174
-34,170
-33,185
-32,176
-27,178
-27,184
-21,178
-51,174
-45,171
-44,170
-44,179
-41,183
-36,176
-68,178
-68,181
-65,180
-57,173
-56,170
-54,176
-84,182
-82,181
-80,182
-79,180
-78,186
-71,178
-101,172
-101,174
-98,173
-97,179
-93,178
-93,180
-119,180
-116,170
-114,176
-114,186
-108,184
-105,173
-135,176
-133,178
-133,181
-130,181
-128,171
-127,180
-148,186
-146,172
-146,174
-146,177
-143,186
-138,170
-167,175
-165,182
-161,174
-159,179
-157,174
-157,178
-168,166
-161,160
-159,162
-158,160
-157,154
-154,165
-168,152
-166,150
-162,147
-158,152
-155,141
-167,127
-165,126
-159,122
-158,127
-158,130
-157,132
-169,105
-166,111
-166,118
-165,110
-163,114
-159,114
-170,86
-170,98
-168,95
-165,88
-164,99
-160,99
-170,77
-169,80
-168,79
-163,73
-157,83
-156,79
-170,56
-169,67
-167,52
-164,62
-162,58
-160,62
-168,43
-167,34
-167,41
-159,34
-158,38
-156,50
-170,20
-166,29
-164,26
-157,25
-156,33
-154,29
-170,1
-162,11
-161,3
-161,10
-158,0
-157,16
-170,-13
-166,-17
-164,-10
-164,-9
-160,-15
-160,-3
-169,-26
-169,-19
-165,-19
-159,-24
-155,-26
-154,-32
-168,-45
-167,-49
-166,-37
-161,-44
-157,-40
-154,-50
-170,-55
-164,-63
-164,-57
-160,-65
-156,-60
-154,-52
-169,-85
-169,-70
-166,-72
-163,-83
-162,-84
-159,-83
-169,-88
-166,-97
-166,-87
-164,-86
-161,-92
-159,-101
-167,-113
-164,-116
-163,-103
-157,-104
-157,-103
-156,-108
-170,-132
-168,-128
-165,-132
-163,-121
-162,-127
-155,-121
-170,-152
-169,-149
-169,-144
-164,-142
-163,-147
-155,-152
-158,-165
-157,-165
-157,-164
-156,-164
-156,-159
-155,-168
-153,-164
-153,-156
-151,-164
-149,-162
-149,-154
-146,-170
-136,-162
-134,-167
-134,-154
-132,-157
-128,-159
-127,-169
-115,-156
-110,-161
-109,-160
-107,-168
-106,-160
-103,-164
-100,-162
-100,-155
-99,-169
-97,-159
-93,-156
-91,-162
-85,-166
-77,-155
-74,-162
-71,-170
-70,-160
-69,-170
-67,-165
-62,-157
-61,-156
-59,-169
-57,-163
-54,-164
-50,-157
-49,-169
-46,-162
-43,-169
-40,-158
-39,-159
-31,-164
-29,-161
-28,-161
-26,-154
-23,-162
-23,-154
-14,-163
-14,-155
-13,-164
-6,-161
-2,-154
-1,-159
3,-159
9,-166
12,-156
14,-169
15,-160
17,-162
17,-160
26,-166
29,-164
33,-169
33,-160
38,-154
40,-162
42,-162
44,-158
46,-168
50,-163
51,-154
52,-170
54,-158
58,-160
58,-157
60,-170
73,-161
74,-169
76,-166
78,-159
83,-165
84,-164
91,-170
91,-154
92,-155
95,-168
97,-158
98,-159
103,-159
104,-170
104,-168
106,-164
116,-157
118,-162
120,-161
125,-167
128,-163
129,-156
132,-168
133,-159
142,-164
142,-162
145,-163
149,-167
150,-162
150,-161
153,-156
154,-164
155,-156
160,-154
164,-158
165,-160
173,-164
173,-154
174,-159
174,-154
175,-169
183,-165
172,-142
175,-147
178,-138
182,-138
185,-146
185,-138
174,-123
177,-134
180,-132
183,-131
186,-133
186,-126
170,-107
171,-103
179,-119
181,-118
183,-113
184,-105
175,-94
175,-86
179,-93
182,-96
183,-100
184,-86
171,-85
177,-71
177,-69
178,-71
179,-82
186,-73
171,-54
176,-64
178,-54
182,-66
183,-60
184,-57
170,-49
172,-43
172,-36
174,-38
179,-50
182,-46
171,-28
172,-31
177,-33
177,-18
179,-34
172,-10
177,-10
177,-6
181,-14
181,-11
186,-17
176,7
177,1
178,8
181,4
181,15
185,7
170,26
174,23
176,32
180,32
181,33
186,21
175,50
179,38
181,37
182,43
185,40
185,45
170,67
174,55
176,60
177,60
183,60
184,55
170,80
175,75
175,79
177,70
181,78
185,74
174,90
174,99
175,89
176,100
178,86
181,100
173,104
173,106
174,103
176,108
178,116
170,134
177,129
177,130
180,122
183,123
186,135
172,148
175,142
182,141
185,137
185,152
186,143
172,156
174,167
177,154
177,166
183,160
185,169
171,180
171,181
175,182
182,171
183,172
184,184
172,196
178,201
182,199
184,194
185,190
186,189
156,203
157,195
161,188
165,189
165,201
166,197
140,193
141,201
142,188
142,199
144,201
150,188
121,193
122,197
123,203
125,202
126,191
131,203
102,192
103,195
106,199
109,197
111,200
86,195
86,200
87,190
87,200
90,188
98,194
73,200
75,195
77,193
78,190
79,192
84,201
54,189
55,189
56,198
59,190
61,197
66,189
35,201
36,203
38,203
41,188
44,197
46,191
19,198
23,188
23,195
24,202
28,196
30,199
0,203
5,195
8,187
11,188
12,192
12,203
-17,201
-16,196
-13,189
-12,195
-3,195
-2,194
-25,195
-23,189
-22,189
-22,194
-21,188
-20,202
-51,201
-49,195
-48,191
-47,187
-40,199
-67,196
-63,199
-60,192
-59,192
-58,197
-53,194
-83,198
-81,196
-81,203
-74,192
-71,192
-69,197
-99,188
-93,201
-92,194
-90,201
-89,191
-88,202
-113,196
-112,198
-111,203
-110,190
-108,196
-103,189
-136,188
-135,190
-132,189
-132,191
-126,191
-121,190
-150,197
-146,190
-146,194
-143,198
-140,191
-137,189
-164,198
-162,201
-161,201
-160,195
-157,190
-155,194
-187,203
-184,190
-183,192
-178,199
-172,195
-171,200
-187,180
-183,182
-176,177
-172,185
-171,182
-171,184
-183,162
-181,164
-180,153
-177,154
-173,162
-172,159
-185,148
-184,145
-183,146
-179,139
-179,147
-174,148
-182,132
-180,121
-176,122
-174,122
-173,132
-173,135
-187,103
-186,116
-183,103
-179,105
-176,116
-175,118
-186,91
-179,85
-179,87
-178,87
-175,96
-174,93
-186,69
-185,68
-174,80
-173,73
-173,78
-171,74
-186,58
-184,58
-181,57
-174,66
-172,53
-171,52
-184,36
-182,50
-180,50
-176,45
-174,50
-172,37
-186,21
-185,32
-184,22
-182,31
-180,23
-178,33
-184,16
-182,12
-180,13
-177,4
-176,3
-173,2
-185,-14
-182,-12
-180,-1
-177,-7
-173,-16
-173,-12
-187,-28
-185,-20
-182,-23
-180,-25
-175,-31
-172,-30
-184,-44
-184,-39
-182,-38
-176,-51
-174,-51
-172,-51
-184,-53
-179,-67
-176,-52
-175,-55
-174,-61
-171,-53
-187,-85
-184,-80
-182,-81
-181,-75
-180,-78
-175,-82
-185,-97
-176,-100
-173,-98
-172,-102
-171,-102
-171,-94
-185,-115
-183,-104
-181,-112
-180,-119
-177,-105
-176,-116
-186,-128
-184,-132
-184,-131
-179,-136
-177,-133
-176,-134
-183,-150
-180,-152
-179,-137
-178,-139
-173,-148
-172,-151
-184,-162
-184,-159
-183,-164
-180,-157
-179,-158
-175,-160
-186,-181
-184,-181
-182,-173
-179,-180
-175,-183
-173,-182
-170,-176
-169,-177
-168,-179
-165,-181
-164,-178
-160,-182
-145,-178
-145,-175
-144,-174
-143,-183
-142,-174
-142,-172
-135,-184
-132,-180
-131,-186
-130,-176
-130,-173
-124,-179
-119,-173
-118,-180
-117,-174
-116,-187
-116,-182
-114,-178
-101,-186
-100,-171
-95,-172
-91,-186
-89,-183
-89,-178
-79,-186
-78,-187
-73,-182
-73,-174
-73,-172
-72,-172
-64,-180
-63,-185
-59,-173
-59,-171
-56,-187
-46,-177
-45,-172
-44,-182
-39,-185
-38,-182
-36,-186
-30,-179
-29,-177
-25,-186
-25,-183
-20,-181
-20,-171
-17,-173
-17,-171
-8,-172
-7,-177
-5,-171
-3,-181
6,-187
7,-184
8,-174
13,-173
15,-176
16,-174
18,-172
20,-184
21,-172
25,-177
25,-171
29,-178
40,-176
40,-172
42,-171
43,-171
46,-175
49,-183
51,-182
55,-179
55,-175
59,-173
61,-173
64,-180
69,-180
72,-185
73,-178
74,-173
78,-184
83,-176
89,-186
93,-184
96,-179
97,-183
99,-180
100,-175
102,-179
103,-184
104,-187
108,-181
111,-172
113,-182
122,-181
124,-181
124,-173
125,-187
131,-183
136,-184
146,-181
146,-176
148,-171
149,-184
149,-182
154,-182
156,-186
161,-180
162,-178
165,-179
166,-171
173,-171
182,-183
184,-182
186,-182
186,-179
190,-180
190,-176
191,-176
191,-174
199,-180
202,-172
188,-162
190,-160
191,-164
195,-156
196,-169
202,-166
187,-137
189,-146
191,-140
191,-138
196,-142
203,-140
190,-136
190,-120
197,-126
199,-134
202,-128
203,-130
192,-117
193,-119
194,-116
198,-116
199,-117
200,-106
187,-91
188,-99
192,-88
192,-86
194,-100
194,-94
189,-71
194,-72
198,-79
201,-81
201,-76
202,-72
187,-61
188,-63
194,-65
200,-64
203,-66
203,-54
189,-43
195,-51
195,-45
201,-41
201,-38
202,-47
188,-28
195,-30
195,-25
195,-23
196,-23
199,-19
195,-9
196,-3
197,-7
198,-11
200,-1
203,-15
189,10
190,0
191,4
192,2
197,11
203,11
187,23
193,22
194,19
194,27
197,27
201,25
191,38
192,36
193,39
194,41
195,35
201,42
192,53
195,67
196,63
198,65
202,51
203,65
190,79
192,68
193,73
195,74
199,68
202,68
189,93
189,95
192,85
196,86
196,92
203,95
189,113
193,104
196,102
199,105
201,117
203,111
188,127
188,135
193,130
193,131
197,129
203,119
189,151
192,147
193,139
193,150
194,150
195,148
189,168
192,156
193,166
194,163
195,158
203,153
187,183
189,171
190,177
191,178
194,170
203,185
187,198
188,193
194,189
195,203
198,191
200,188
187,219
188,214
189,213
194,210
197,220
202,206
170,213
170,217
173,214
180,220
183,208
184,208
154,209
159,212
160,217
168,218
169,212
136,210
137,205
146,218
147,219
148,211
149,206
121,207
122,219
122,220
123,216
132,216
134,210
103,216
103,218
104,212
104,215
111,206
118,208
90,209
92,220
93,217
97,210
98,212
99,205
68,213
72,215
74,220
77,208
80,210
80,219
51,215
51,220
56,209
56,211
59,220
62,219
34,208
37,204
37,212
44,207
50,210
18,207
19,215
20,217
31,205
33,212
1,211
3,206
3,217
9,216
12,205
12,217
-15,214
-14,214
-14,220
-13,220
-5,208
-4,218
-32,206
-32,216
-30,212
-28,215
-25,208
-20,204
-49,207
-49,214
-48,205
-46,220
-41,218
-36,217
-67,208
-65,217
-62,207
-54,207
-53,214
-52,204
-84,220
-81,207
-75,213
-74,205
-70,212
-70,213
-94,207
-93,217
-87,211
-86,208
-86,211
-86,213
-119,208
-119,220
-115,206
-112,220
-109,214
-108,214
-132,212
-131,220
-129,206
-128,208
-127,219
-126,204
-153,213
-150,208
-147,207
-145,220
-139,213
-137,214
-166,205
-165,205
-161,215
-161,217
-157,220
-154,209
-185,208
-181,209
-180,206
-180,219
-178,219
-177,211
-203,218
-199,217
-199,218
-194,215
-192,209
-189,219
-203,196
-202,191
-201,197
-201,198
-196,189
-194,194
-200,178
-200,186
-193,172
-191,184
-189,175
-188,177
-204,164
-199,162
-197,162
-192,166
-189,158
-189,165
-203,140
-202,149
-201,136
-198,137
-198,144
-194,143
-203,135
-196,135
-193,134
-192,127
-191,127
-189,125
-201,113
-200,118
-199,107
-198,112
-193,103
-188,116
-203,101
-202,90
-199,90
-195,87
-194,91
-192,86
-204,75
-197,76
-196,71
-194,82
-192,72
-191,78
-202,67
-201,57
-200,51
-198,56
-192,57
-189,59
-203,46
-202,43
-201,47
-198,50
-191,48
-188,36
-196,19
-193,23
-191,18
-190,33
-189,22
-189,33
-203,4
-202,5
-202,6
-199,9
-193,13
-188,15
-204,-4
-201,-3
-197,-12
-196,-10
-195,-17
-188,-3
-198,-27
-198,-23
-197,-32
-195,-34
-190,-34
-189,-19
-197,-48
-196,-51
-196,-35
-194,-47
-192,-45
-191,-48
-199,-53
-197,-56
-194,-54
-193,-52
-191,-57
-190,-52
-198,-70
-194,-70
-193,-83
-191,-71
-188,-69
-204,-98
-203,-87
-202,-102
-202,-88
-202,-86
-195,-102
-201,-113
-196,-107
-194,-105
-193,-119
-193,-107
-188,-103
-203,-129
-203,-122
-196,-126
-194,-133
-193,-126
-190,-123
-204,-150
-203,-141
-203,-138
-192,-150
-188,-140
-200,-166
-200,-155
-197,-167
-197,-165
-197,-163
-203,-178
-199,-181
-199,-179
-196,-178
-194,-185
-193,-176
-200,-202
-196,-195
-195,-194
-195,-193
-193,-199
-193,-192
-184,-196
-183,-194
-180,-199
-179,-192
-176,-189
-171,-192
-163,-191
-161,-197
-160,-201
-160,-194
-159,-199
-158,-193
-152,-199
-152,-190
-148,-197
-144,-201
-138,-196
-137,-197
-134,-191
-132,-200
-132,-189
-131,-192
-122,-197
-122,-188
-119,-201
-119,-199
-116,-198
-116,-190
-114,-196
-113,-202
-99,-202
-99,-193
-97,-202
-95,-192
-93,-198
-90,-192
-81,-189
-79,-197
-78,-199
-73,-188
-72,-188
-71,-193
-65,-195
-63,-197
-60,-190
-55,-199
-54,-199
-54,-196
-48,-203
-48,-194
-42,-190
-40,-188
-39,-201
-35,-190
-34,-194
-33,-197
-29,-196
-28,-203
-26,-188
-25,-195
-17,-191
-13,-204
-13,-191
-7,-192
-5,-197
4,-198
12,-198
14,-203
15,-188
18,-200
19,-202
22,-195
23,-196
30,-200
35,-188
38,-202
39,-193
44,-192
46,-202
48,-200
51,-194
58,-193
59,-199
61,-202
64,-204
64,-200
72,-189
77,-204
79,-203
79,-201
82,-193
84,-204
87,-204
87,-202
92,-191
95,-200
95,-193
98,-201
103,-192
108,-191
110,-195
114,-191
117,-195
118,-193
119,-194
123,-190
126,-194
128,-194
130,-188
133,-192
139,-197
143,-196
143,-194
146,-196
147,-197
147,-193
154,-190
159,-198
160,-197
160,-190
162,-199
163,-191
175,-203
177,-196
181,-196
181,-195
181,-192
185,-194
194,-199
195,-195
195,-188
201,-195
202,-197
203,-201
207,-204
208,-195
210,-196
213,-194
215,-192
219,-202
204,-177
204,-175
215,-184
215,-173
218,-183
220,-180
205,-156
207,-156
209,-158
210,-165
218,-163
208,-147
208,-143
216,-144
217,-137
219,-141
220,-143
204,-129
205,-122
211,-129
212,-134
212,-130
213,-124
204,-114
208,-114
211,-115
213,-119
214,-117
214,-107
205,-101
208,-97
210,-88
212,-89
215,-99
217,-97
211,-79
211,-76
218,-69
219,-72
220,-85
220,-81
205,-61
206,-54
209,-57
212,-59
216,-53
218,-53
205,-51
209,-50
213,-46
214,-38
216,-51
217,-42
205,-19
210,-29
213,-20
216,-24
219,-33
220,-21
204,-16
206,-15
216,-9
218,-14
218,-6
219,-4
206,0
207,7
209,5
211,16
217,9
220,16
212,18
213,32
216,26
217,22
217,30
218,18
205,47
207,36
208,42
215,35
215,42
217,49
206,51
208,52
214,62
215,59
219,51
220,64
211,78
215,69
215,80
216,78
220,79
204,94
204,98
207,96
211,89
213,99
218,101
204,112
205,108
205,111
209,118
210,113
214,103
207,133
208,128
210,131
211,127
216,132
220,133
208,137
209,137
215,138
215,145
218,137
219,150
206,156
209,157
211,163
213,163
215,162
217,161
205,185
206,183
208,180
214,182
216,174
220,183
208,198
211,194
211,196
211,202
216,193
216,198
205,212
206,219
208,204
208,205
210,209
220,205
204,233
207,222
215,225
217,235
218,228
188,236
189,227
197,225
198,227
200,221
203,224
171,225
173,228
175,224
175,225
177,237
178,231
158,235
160,230
161,222
162,234
165,235
169,222
141,222
141,236
143,223
144,230
147,228
147,231
121,235
124,222
124,224
124,235
130,227
131,233
107,224
107,228
114,224
115,231
117,221
117,235
86,231
87,223
88,231
90,221
98,224
100,222
68,235
74,226
75,237
76,222
76,227
77,226
51,226
52,237
53,221
58,224
59,223
64,222
36,224
37,222
46,231
47,223
47,229
50,229
17,223
20,221
21,229
21,231
23,221
27,229
2,225
5,227
8,233
9,226
12,231
12,235
-16,237
-13,230
-13,232
-10,232
-6,226
-2,231
-29,225
-27,229
-25,221
-24,230
-23,237
-20,225
-51,235
-45,235
-43,234
-41,227
-41,235
-36,223
-66,231
-65,231
-62,230
-62,233
-56,221
-52,223
-84,229
-84,230
-77,222
-76,231
-74,236
-70,235
-102,236
-100,231
-100,233
-99,237
-90,223
-86,222
-114,226
-112,225
-112,226
-109,223
-109,226
-107,225
-135,235
-130,226
-126,224
-126,232
-123,231
-122,235
-153,225
-151,223
-147,226
-145,236
-144,226
-138,225
-169,225
-169,229
-168,222
-166,223
-160,225
-156,236
-187,223
-182,230
-181,221
-181,231
-174,230
-202,228
-202,232
-201,234
-197,224
-193,230
-191,227
-217,221
-212,224
-210,223
-210,226
-206,222
-205,221
-212,204
-212,220
-209,206
-209,211
-208,220
-220,187
-216,192
-210,198
-209,198
-207,191
-206,195
-221,184
-220,175
-219,172
-215,175
-212,177
-207,171
-217,153
-217,155
-211,169
-210,162
-210,166
-221,141
-217,146
-213,145
-209,138
-209,139
-208,143
-219,128
-218,134
-216,121
-212,134
-211,123
-206,130
-221,105
-212,116
-208,110
-208,116
-208,117
-206,108
-219,89
-219,94
-212,91
-211,91
-209,96
-205,88
-219,81
-213,69
-213,79
-209,76
-208,75
-207,78
-221,62
-217,56
-215,57
-210,62
-205,54
-205,58
-212,35
-212,42
-210,44
-205,41
-205,43
-216,25
-211,25
-211,29
-210,19
-210,30
-208,32
-221,16
-220,7
-217,9
-215,8
-215,13
-212,16
-221,-4
-214,-8
-209,-2
-206,-14
-206,-8
-221,-29
-220,-27
-216,-27
-212,-32
-210,-33
-205,-26
-219,-44
-218,-35
-213,-39
-213,-37
-212,-50
-205,-50
-215,-54
-212,-58
-212,-52
-207,-61
-207,-57
-206,-62
-217,-73
-214,-70
-213,-79
-213,-70
-208,-75
-206,-83
-215,-102
-214,-101
-213,-95
-212,-89
-210,-94
-206,-96
-221,-103
-218,-107
-217,-112
-216,-113
-215,-108
-208,-117
-220,-129
-213,-134
-212,-126
-211,-128
-210,-121
-207,-136
-216,-152
-215,-137
-213,-142
-211,-142
-208,-147
-205,-143
-219,-166
-216,-161
-214,-160
-210,-166
-207,-160
-205,-170
-218,-180
-217,-172
-214,-179
-213,-182
-211,-179
-210,-179
-216,-195
-211,-204
-211,-201
-208,-199
-205,-193
-218,-216
-217,-210
-212,-216
-212,-208
-208,-207
-207,-207
-202,-211
-201,-212
-199,-205
-196,-214
-190,-208
-187,-214
-180,-210
-180,-209
-176,-217
-175,-217
-174,-221
-170,-220
-168,-209
-167,-214
-162,-217
-158,-216
-157,-210
-153,-206
-150,-211
-150,-205
-143,-211
-141,-218
-140,-205
-133,-208
-130,-220
-129,-215
-128,-205
-125,-214
-121,-215
-119,-219
-115,-205
-113,-205
-110,-218
-110,-212
-107,-219
-102,-211
-98,-217
-92,-209
-89,-207
-87,-220
-87,-208
-78,-220
-78,-218
-78,-207
-76,-211
-74,-212
-60,-213
-57,-212
-55,-218
-53,-213
-53,-209
-53,-206
-50,-206
-43,-212
-42,-220
-42,-213
-39,-212
-39,-208
-33,-216
-31,-216
-30,-214
-30,-208
-28,-205
-26,-207
-16,-211
-12,-217
-9,-218
-9,-206
-6,-219
-6,-212
2,-206
3,-218
5,-210
6,-217
9,-208
15,-205
20,-218
21,-216
22,-208
24,-219
25,-221
33,-205
35,-214
38,-209
43,-219
43,-211
45,-207
50,-219
53,-217
57,-215
60,-208
61,-216
64,-221
64,-214
68,-209
73,-220
74,-217
74,-214
81,-217
81,-214
86,-209
87,-213
89,-220
89,-209
92,-218
97,-208
103,-213
105,-221
114,-217
116,-208
116,-206
117,-213
126,-221
127,-217
128,-220
129,-220
131,-219
131,-209
137,-211
140,-215
141,-219
142,-207
147,-217
151,-211
153,-213
156,-212
158,-206
160,-211
166,-214
167,-220
174,-218
175,-207
179,-220
182,-211
182,-210
186,-206
191,-218
193,-215
193,-208
194,-211
198,-213
199,-218
207,-214
212,-214
214,-209
216,-211
216,-209
219,-210
230,-214
231,-212
234,-215
234,-212
236,-218
236,-213
223,-195
226,-201
229,-202
230,-198
236,-200
237,-195
229,-185
230,-184
232,-177
234,-183
234,-177
237,-180
227,-164
227,-157
228,-170
230,-168
232,-166
237,-168
223,-139
226,-147
229,-148
235,-146
235,-140
237,-142
224,-125
226,-128
227,-134
227,-127
229,-125
230,-128
224,-106
225,-113
229,-109
232,-116
234,-119
234,-105
227,-102
227,-97
227,-95
227,-92
230,-89
232,-95
224,-82
225,-75
228,-78
230,-76
232,-80
236,-70
222,-66
222,-57
223,-63
225,-65
230,-67
236,-62
222,-51
222,-45
226,-41
233,-40
236,-40
236,-36
223,-18
224,-28
225,-29
229,-21
234,-25
236,-33
222,-17
225,-5
233,-12
233,-2
236,-14
237,-4
221,10
231,3
231,6
231,9
232,9
236,0
223,17
226,24
227,24
229,17
235,31
236,21
227,39
229,46
231,38
233,39
234,34
237,36
221,54
222,63
227,55
229,56
229,57
236,59
221,71
223,83
225,83
227,70
228,74
229,77
221,90
222,85
223,91
226,90
232,88
237,101
221,109
221,116
222,115
225,108
226,104
237,106
221,124
227,133
228,133
229,124
233,130
237,128
225,138
225,150
226,150
228,151
229,148
232,137
221,162
224,167
225,168
229,168
234,160
222,185
230,174
230,176
232,180
236,183
236,185
223,201
232,196
233,188
237,187
237,199
223,215
226,211
229,208
232,204
236,212
237,218
223,236
229,221
233,226
234,222
237,224
225,246
226,252
227,238
228,242
228,247
236,241
208,251
210,244
211,239
213,248
213,253
218,243
187,239
188,245
193,239
193,253
194,248
202,248
173,239
175,253
176,251
180,239
182,251
185,238
153,242
154,238
158,241
160,242
162,248
166,249
141,251
144,254
145,239
145,248
149,239
149,252
120,249
122,252
124,253
125,247
128,248
135,246
107,247
109,243
109,250
113,253
114,238
117,246
86,243
92,251
93,238
95,251
96,242
98,247
69,241
70,248
75,238
77,249
79,239
80,241
52,247
58,252
61,254
67,239
67,240
67,251
38,254
39,243
40,240
47,238
47,240
47,254
18,252
19,244
21,242
24,250
26,250
31,243
2,242
5,241
11,251
12,241
15,239
15,247
-17,254
-15,244
-12,238
-10,244
-8,241
-3,244
-34,239
-30,243
-26,244
-24,250
-18,243
-18,250
-49,254
-48,238
-47,250
-40,252
-39,244
-35,246
-66,251
-65,253
-64,252
-60,254
-57,249
-82,254
-80,252
-75,246
-74,251
-73,254
-71,248
-100,252
-99,239
-99,249
-95,241
-92,248
-86,247
-118,238
-115,254
-109,243
-108,248
-108,252
-103,239
-136,243
-136,248
-133,250
-131,253
-129,250
-121,247
-151,241
-151,242
-150,244
-146,239
-139,244
-139,254
-168,254
-167,253
-165,249
-163,252
-161,242
-161,244
-183,248
-182,254
-181,248
-181,250
-176,251
-174,249
-204,242
-204,247
-195,242
-192,251
-191,239
-191,250
-221,253
-217,251
-215,252
-212,248
-210,250
-208,246
-237,239
-235,242
-226,246
-225,241
-223,241
-222,253
-237,227
-233,237
-232,232
-229,235
-226,229
-222,222
-238,213
-234,208
-233,215
-230,208
-225,207
-222,205
-238,192
-238,203
-237,192
-230,194
-230,196
-227,201
-237,175
-237,185
-236,180
-232,178
-231,182
-228,181
-233,158
-231,155
-229,153
-228,169
-225,156
-222,163
-236,148
-234,145
-232,141
-231,151
-226,143
-223,150
-237,124
-237,131
-228,131
-226,124
-223,135
-222,133
-238,117
-235,108
-230,108
-227,110
-226,117
-226,118
-238,100
-230,85
-230,101
-228,100
-225,85
-223,85
-236,79
-227,83
-226,75
-226,78
-225,79
-222,81
-238,52
-237,67
-233,56
-233,64
-232,65
-237,42
-237,48
-234,37
-226,43
-224,36
-222,38
-231,31
-230,32
-229,28
-227,24
-226,18
-224,23
-237,9
-230,8
-226,4
-225,10
-223,16
-222,2
-238,-8
-235,-7
-234,-10
-233,-11
-230,-5
-224,-1
-236,-28
-236,-19
-234,-28
-226,-33
-226,-28
-225,-18
-235,-51
-234,-46
-234,-37
-233,-40
-222,-46
-237,-59
-231,-57
-230,-54
-227,-61
-226,-65
-223,-62
-236,-85
-235,-77
-233,-82
-230,-77
-224,-83
-224,-79
-236,-99
-236,-96
-234,-95
-231,-97
-228,-101
-224,-100
-233,-118
-233,-117
-231,-106
-230,-108
-225,-112
-237,-124
-236,-128
-234,-132
-231,-133
-225,-136
-224,-131
-236,-148
-234,-151
-231,-143
-223,-150
-223,-143
-222,-153
-235,-156
-234,-163
-233,-155
-229,-162
-226,-160
-222,-156
-235,-175
-231,-187
-229,-183
-224,-180
-223,-175
-222,-183
-234,-202
-234,-195
-227,-203
-226,-195
-225,-201
-224,-189
-229,-221
-229,-215
-224,-219
-222,-219
-222,-218
-222,-216
-236,-223
-231,-224
-230,-225
-229,-224
-228,-222
-223,-224
-219,-233
-218,-226
-212,-229
-207,-232
-206,-234
-205,-237
-203,-223
-199,-235
-199,-222
-196,-227
-193,-236
-188,-237
-184,-233
-184,-222
-180,-225
-178,-229
-178,-222
-173,-238
-168,-228
-168,-222
-163,-234
-163,-223
-159,-237
-154,-228
-150,-236
-148,-225
-141,-228
-140,-230
-139,-232
-138,-232
-130,-230
-127,-235
-127,-224
-127,-222
-120,-230
-120,-226
-113,-223
-108,-224
-107,-238
-107,-228
-105,-227
-101,-226
-97,-225
-95,-227
-91,-222
-90,-228
-89,-238
-85,-233
-81,-228
-78,-237
-78,-224
-76,-224
-74,-227
-68,-238
-67,-223
-60,-223
-59,-237
-59,-222
-58,-229
-50,-227
-44,-232
-44,-223
-41,-229
-39,-237
-38,-238
-33,-233
-32,-235
-30,-234
-27,-222
-21,-237
-18,-226
-15,-234
-10,-233
-7,-231
-4,-237
-3,-236
-3,-222
6,-233
13,-234
14,-226
15,-233
15,-223
18,-223
19,-238
20,-231
21,-237
26,-226
27,-226
35,-233
35,-222
39,-224
40,-233
43,-236
47,-235
51,-226
54,-236
55,-224
55,-222
66,-233
67,-237
73,-237
74,-222
77,-235
77,-227
82,-230
82,-226
88,-235
90,-236
92,-223
96,-231
98,-229
101,-236
102,-223
112,-238
112,-236
115,-229
115,-225
121,-237
121,-233
122,-232
124,-229
127,-232
134,-234
137,-226
139,-236
143,-234
144,-230
145,-231
146,-230
154,-222
157,-233
165,-233
165,-231
166,-228
169,-233
172,-226
175,-226
178,-228
181,-225
181,-222
188,-232
188,-227
190,-237
193,-233
196,-236
202,-231
210,-222
211,-236
213,-236
215,-227
217,-226
220,-228
223,-223
228,-227
234,-227
236,-233
236,-229
236,-224
238,-224
239,-222
243,-235
247,-226
249,-223
253,-228
240,-219
243,-219
243,-216
243,-214
246,-211
251,-208
239,-193
240,-201
245,-203
247,-195
248,-191
239,-171
240,-186
242,-186
247,-187
248,-179
251,-179
240,-163
240,-160
241,-154
244,-169
252,-159
254,-156
240,-144
242,-145
249,-153
250,-153
252,-152
253,-148
238,-124
245,-134
249,-121
254,-127
254,-123
238,-108
239,-105
248,-112
252,-119
253,-106
253,-105
240,-86
241,-98
242,-99
243,-86
247,-93
248,-94
238,-81
244,-81
246,-75
250,-84
252,-71
253,-80
238,-64
241,-59
242,-65
244,-54
246,-59
247,-52
239,-50
240,-39
243,-45
245,-40
245,-38
254,-42
241,-23
243,-30
246,-29
249,-34
249,-26
253,-27
238,-17
243,-6
244,-11
245,-16
247,-16
254,-3
238,3
241,1
241,5
244,7
248,0
250,3
238,27
246,28
250,21
251,18
252,23
253,33
238,42
240,50
241,48
246,39
250,37
251,36
238,57
240,53
245,60
247,52
248,59
251,57
240,78
241,78
245,76
246,68
249,74
250,70
241,88
244,98
252,87
252,93
253,97
254,85
240,105
247,118
248,106
249,114
253,112
254,105
241,131
242,134
244,124
246,129
249,129
250,124
238,141
240,151
245,149
246,149
250,139
254,150
240,155
246,155
247,156
247,168
251,157
253,157
241,184
244,183
245,183
247,175
251,173
252,181
240,192
240,195
241,199
252,188
252,198
253,192
241,209
242,219
243,219
248,209
252,215
253,213
240,225
242,237
246,228
247,235
252,233
254,230
239,250
242,238
243,247
248,238
251,250
253,250
240,258
242,259
244,266
245,265
246,267
248,261
222,271
231,262
233,255
233,258
234,258
235,262
204,265
206,271
208,256
208,263
208,265
217,269
189,257
191,268
194,262
197,270
199,257
203,259
175,266
176,259
178,261
178,270
184,264
153,262
153,264
154,266
162,256
167,264
168,264
137,267
138,270
143,269
144,270
148,271
152,256
121,268
122,258
123,261
124,268
125,255
130,271
106,259
106,261
107,270
109,255
110,270
116,261
88,255
95,257
97,258
99,256
99,269
101,259
70,270
71,256
71,270
72,270
77,258
81,269
51,258
51,271
54,256
55,262
61,255
66,267
38,261
39,262
44,256
46,262
48,270
50,266
17,269
22,263
29,257
30,263
33,265
33,266
1,257
1,267
4,265
6,266
13,262
15,257
-17,256
-15,256
-15,264
-8,267
-6,270
-1,265
-31,271
-30,255
-26,265
-24,255
-22,271
-21,256
-45,270
-44,257
-43,261
-41,264
-37,271
-36,262
-67,265
-66,268
-57,268
-55,265
-52,259
-80,267
-80,271
-78,256
-77,255
-75,271
-70,260
-102,262
-95,259
-93,260
-93,262
-92,268
-90,271
-115,259
-113,257
-113,269
-112,261
-106,258
-105,261
-134,265
-132,262
-125,264
-122,265
-122,269
-120,269
-153,259
-152,261
-148,260
-148,268
-147,262
-145,266
-170,264
-169,255
-166,255
-163,270
-160,264
-156,267
-187,262
-185,261
-179,257
-179,263
-178,262
-175,269
-202,269
-194,267
-193,262
-190,261
-188,260
-221,257
-218,259
-213,259
-207,271
-206,263
-206,267
-235,256
-230,266
-230,269
-228,256
-227,258
-224,270
-255,262
-255,271
-250,257
-250,262
-247,270
-242,266
-254,241
-254,253
-248,251
-244,250
-244,252
-255,233
-254,230
-250,230
-244,237
-241,225
-241,235
-252,213
-251,206
-251,208
-242,207
-241,205
-255,195
-249,198
-247,193
-244,193
-241,199
-240,188
-252,175
-251,178
-249,182
-244,174
-242,183
-241,176
-255,160
-251,157
-250,155
-247,166
-242,163
-242,165
-255,152
-252,145
-251,146
-249,149
-246,141
-244,141
-255,127
-249,130
-246,128
-244,128
-240,125
-240,129
-254,110
-252,113
-249,110
-246,110
-240,111
-255,94
-253,86
-253,94
-251,100
-246,92
-242,92
-253,82
-251,72
-251,77
-251,79
-250,76
-241,84
-255,55
-252,51
-249,62
-247,65
-246,56
-251,38
-248,40
-248,44
-246,36
-246,50
-240,42
-254,26
-250,18
-250,32
-249,18
-245,26
-242,21
-249,10
-248,11
-247,10
-243,2
-240,14
-254,-1
-252,-6
-250,-15
-249,-5
-249,-3
-243,-7
-251,-32
-248,-34
-248,-24
-247,-26
-247,-19
-240,-23
-255,-40
-252,-35
-251,-48
-247,-43
-243,-35
-254,-55
-250,-67
-249,-68
-248,-61
-244,-59
-243,-53
-253,-77
-253,-71
-248,-73
-246,-77
-244,-83
-244,-73
-253,-99
-248,-100
-245,-94
-245,-92
-242,-100
-241,-94
-254,-111
-253,-106
-252,-104
-251,-108
-250,-112
-240,-110
-250,-121
-248,-122
-247,-135
-247,-126
-241,-128
-240,-134
-255,-142
-253,-150
-246,-142
-245,-144
-243,-145
-241,-152
-254,-156
-253,-165
-250,-158
-248,-159
-244,-169
-241,-158
-251,-184
-248,-179
-246,-185
-246,-172
-243,-185
-239,-180
-254,-189
-253,-203
-247,-204
-243,-203
-240,-189
-239,-192
-255,-221
-249,-219
-247,-218
-247,-208
-244,-215
-244,-214
-252,-234
-247,-228
-245,-229
-242,-224
-241,-231
-240,-223
-254,-252
-249,-245
-248,-247
-246,-248
-244,-239
-240,-241
-235,-252
-231,-241
-229,-254
-229,-249
-227,-242
-223,-253
-220,-243
-215,-242
-213,-247
-212,-248
-209,-242
-205,-242
-204,-252
-202,-242
-199,-250
-194,-244
-191,-249
-190,-244
-186,-243
-182,-251
-182,-239
-177,-252
-177,-242
-171,-255
-170,-240
-165,-253
-160,-249
-157,-252
-156,-242
-154,-255
-152,-246
-148,-249
-147,-254
-143,-240
-138,-245
-137,-246
-131,-253
-128,-243
-123,-246
-122,-253
-120,-254
-120,-253
-119,-242
-115,-252
-115,-249
-115,-246
-111,-247
-110,-250
-102,-255
-99,-247
-93,-255
-92,-241
-90,-249
-89,-244
-83,-245
-82,-254
-79,-255
-72,-243
-71,-247
-69,-246
-61,-241
-58,-245
-57,-243
-56,-243
-53,-252
-53,-249
-51,-249
-51,-246
-45,-245
-44,-242
-41,-240
-40,-243
-29,-251
-28,-252
-26,-253
-26,-242
-24,-240
-19,-249
-11,-241
-9,-244
-5,-240
-5,-239
-2,-240
-1,-254
1,-240
2,-244
8,-252
8,-249
11,-246
11,-242
18,-250
22,-248
23,-255
28,-252
30,-254
30,-241
34,-246
34,-239
43,-251
43,-244
48,-240
50,-240
54,-239
56,-249
57,-248
59,-252
64,-246
65,-247
74,-247
75,-252
75,-248
82,-240
83,-245
86,-253
86,-252
88,-244
92,-250
97,-244
100,-249
103,-250
110,-239
112,-250
113,-244
115,-250
116,-250
121,-251
122,-243
127,-244
128,-254
131,-254
135,-247
137,-254
138,-251
140,-244
142,-255
144,-254
151,-243
153,-249
157,-253
164,-251
165,-239
167,-254
169,-250
172,-251
173,-244
175,-247
177,-249
181,-255
186,-252
187,-240
197,-252
198,-243
199,-242
200,-251
202,-245
208,-247
211,-246
214,-243
218,-241
220,-245
224,-245
224,-239
228,-253
228,-241
230,-255
233,-252
241,-249
242,-255
248,-249
248,-243
253,-247
254,-252
256,-244
257,-242
262,-250
262,-242
265,-242
270,-248
255,-236
256,-234
261,-224
267,-233
268,-222
269,-236
258,-219
260,-214
264,-214
268,-206
269,-206
270,-208
257,-193
259,-196
262,-188
264,-201
265,-202
270,-193
261,-179
264,-183
268,-181
270,-187
270,-184
271,-171
259,-158
264,-161
266,-168
268,-168
268,-167
269,-154
255,-139
261,-152
262,-150
263,-142
267,-152
269,-138
255,-127
266,-123
267,-120
268,-132
270,-123
271,-129
258,-119
261,-116
262,-114
265,-115
266,-119
267,-119
256,-90
259,-86
260,-88
265,-91
269,-102
269,-95
257,-73
261,-85
262,-85
262,-81
265,-79
269,-82
261,-59
262,-57
264,-62
270,-67
270,-59
260,-36
263,-47
266,-35
269,-48
269,-43
270,-48
258,-27
260,-19
263,-32
263,-23
265,-24
268,-21
256,-15
257,-15
259,-2
265,-10
265,-4
266,-8
255,9
258,13
263,10
267,10
268,10
270,8
255,29
261,31
267,29
268,18
270,24
271,26
258,46
260,46
264,45
267,40
267,47
268,41
255,63
264,65
268,58
269,57
270,54
271,60
255,69
255,78
256,77
259,79
262,79
263,76
256,90
260,91
261,90
263,96
266,100
267,98
260,117
261,105
261,116
267,106
267,116
271,107
255,134
256,125
260,124
262,131
267,126
268,120
256,138
260,152
261,145
264,136
265,149
271,151
260,166
260,167
261,165
264,169
266,155
267,167
255,185
260,177
260,186
265,184
269,181
270,181
259,191
263,187
265,196
266,197
267,190
268,191
256,218
260,218
263,217
266,220
268,213
270,205
258,236
261,225
264,236
268,236
255,252
257,238
260,241
266,244
268,248
270,245
255,257
263,270
264,262
266,271
268,263
271,263
257,278
259,279
261,283
266,273
271,285
240,278
242,279
244,284
245,284
245,285
252,282
223,286
231,272
232,281
236,273
236,277
236,287
204,280
206,275
210,288
211,287
216,275
216,276
187,279
193,279
194,278
194,288
197,273
203,280
170,274
173,279
177,283
182,275
184,288
185,281
153,276
161,276
165,274
165,277
165,285
166,280
136,280
143,273
144,283
145,286
146,276
149,288
119,281
131,283
132,277
134,281
135,278
103,278
106,275
114,281
115,274
116,275
118,277
85,287
89,276
92,280
95,279
97,285
99,284
69,281
70,288
71,281
79,287
81,276
53,285
54,280
55,284
59,275
65,280
67,287
35,273
35,277
38,276
40,274
45,284
49,274
19,283
21,284
22,277
26,281
27,275
6,272
6,280
10,274
12,288
14,275
14,283
-16,288
-12,272
-9,283
-8,287
-5,285
-2,277
-33,282
-31,282
-29,284
-26,287
-23,285
-19,281
-48,274
-44,281
-43,274
-43,275
-43,286
-40,272
-66,275
-63,272
-59,287
-56,275
-56,277
-55,286
-85,282
-84,282
-79,274
-76,287
-72,286
-71,283
-102,280
-101,279
-100,281
-99,274
-97,285
-95,283
-119,282
-116,280
-113,273
-109,278
-108,278
-106,273
-134,279
-132,281
-131,278
-130,274
-128,283
-125,275
-153,283
-148,277
-143,282
-140,282
-137,276
-170,286
-167,280
-160,276
-155,277
-155,287
-154,275
-187,277
-184,286
-180,286
-179,288
-177,276
-171,282
-204,283
-201,276
-196,286
-195,283
-194,272
-189,286
-219,276
-212,276
-206,277
-206,282
-205,281
-205,283
-238,272
-237,277
-234,284
-233,282
-231,283
-229,279
-253,282
-251,282
-248,286
-246,274
-246,287
-240,287
-270,286
-268,274
-265,282
-265,288
-259,274
-257,283
-271,270
-270,257
-265,267
-260,256
-257,255
-257,257
-268,239
-268,247
-268,252
-263,254
-259,240
-259,250
-268,228
-267,226
-264,237
-263,228
-261,233
-258,227
-272,218
-270,207
-269,205
-266,206
-262,218
-260,212
-271,199
-271,201
-268,201
-267,191
-260,203
-257,195
-265,176
-265,181
-263,183
-262,186
-259,182
-256,186
-270,160
-264,168
-262,156
-261,153
-258,162
-257,167
-270,149
-269,148
-266,144
-264,140
-261,141
-257,140
-269,125
-267,135
-265,129
-262,131
-261,129
-258,123
-271,105
-268,109
-267,113
-265,113
-262,115
-260,117
-267,96
-266,94
-263,88
-263,89
-262,92
-256,89
-268,76
-267,68
-265,79
-264,74
-262,72
-258,77
-270,54
-267,61
-261,57
-261,62
-258,61
-256,59
-272,47
-266,34
-264,39
-259,42
-257,47
-272,25
-266,22
-265,17
-264,18
-262,22
-260,22
-264,7
-263,6
-262,7
-262,15
-261,4
-258,1
-272,-4
-271,-15
-271,-6
-261,-1
-258,-17
-256,-17
-270,-25
-268,-30
-267,-34
-267,-19
-265,-19
-258,-34
-267,-42
-265,-50
-263,-44
-262,-35
-259,-50
-258,-41
-272,-53
-265,-55
-263,-67
-261,-55
-257,-52
-256,-62
-272,-72
-270,-77
-269,-79
-260,-79
-258,-80
-256,-80
-271,-92
-269,-86
-267,-101
-262,-89
-258,-96
-257,-88
-272,-116
-270,-113
-261,-114
-261,-104
-260,-103
-258,-111
-271,-124
-269,-120
-267,-128
-264,-136
-261,-127
-261,-123
-270,-137
-269,-146
-267,-149
-267,-140
-265,-139
-263,-138
-269,-160
-266,-154
-261,-160
-260,-160
-256,-169
-256,-168
-272,-187
-271,-171
-270,-181
-261,-182
-257,-179
-256,-179
-272,-203
-271,-204
-270,-194
-265,-200
-259,-202
-259,-196
-269,-206
-266,-208
-260,-217
-259,-220
-257,-214
-271,-223
-267,-237
-263,-237
-260,-229
-258,-232
-258,-227
-262,-251
-262,-249
-262,-240
-260,-241
-259,-244
-259,-241
-270,-260
-268,-268
-261,-256
-260,-272
-256,-256
-249,-272
-249,-270
-246,-258
-245,-264
-245,-261
-242,-272
-236,-271
-235,-261
-231,-264
-228,-269
-228,-259
-226,-260
-217,-270
-212,-263
-210,-264
-210,-260
-209,-260
-204,-264
-203,-258
-202,-258
-198,-257
-197,-262
-196,-257
-187,-270
-181,-271
-179,-270
-178,-271
-175,-266
-170,-263
-169,-272
-169,-269
-169,-264
-163,-272
-154,-266
-153,-269
-150,-258
-144,-266
-142,-268
-141,-263
-139,-261
-135,-270
-129,-264
-129,-256
-124,-256
-123,-272
-122,-272
-115,-260
-114,-270
-113,-258
-112,-271
-111,-271
-106,-260
-100,-264
-96,-266
-96,-259
-95,-258
-90,-261
-90,-257
-85,-263
-82,-267
-78,-269
-74,-267
-71,-268
-71,-258
-62,-269
-62,-263
-59,-272
-58,-268
-53,-270
-50,-259
-48,-269
-43,-265
-42,-256
-38,-268
-35,-262
-31,-272
-28,-262
-27,-256
-21,-270
-21,-258
-17,-270
-15,-257
-13,-262
-11,-270
-5,-261
-1,-261
4,-266
7,-259
8,-260
9,-257
13,-270
16,-266
18,-266
19,-262
21,-256
23,-268
26,-256
33,-267
35,-272
37,-270
40,-265
44,-262
49,-270
50,-261
52,-263
52,-258
63,-271
64,-270
65,-266
67,-272
69,-267
72,-271
73,-256
74,-262
76,-266
78,-261
88,-267
89,-264
90,-268
95,-269
95,-258
96,-268
105,-267
106,-265
110,-263
112,-264
113,-270
114,-260
123,-270
125,-258
127,-272
129,-270
132,-269
134,-263
136,-270
140,-271
141,-269
144,-265
146,-270
149,-272
155,-262
156,-260
163,-271
164,-260
166,-263
167,-256
175,-269
175,-266
179,-271
179,-270
182,-259
186,-269
192,-257
194,-270
195,-269
195,-256
199,-264
202,-272
210,-265
212,-269
214,-271
217,-265
218,-260
219,-265
224,-258
225,-260
229,-263
235,-265
236,-268
236,-258
240,-259
240,-258
247,-264
248,-259
250,-257
252,-261
260,-272
261,-259
262,-269
264,-267
268,-270
271,-265
272,-265
275,-271
279,-265
285,-265
286,-272
286,-256
272,-251
274,-239
281,-247
283,-249
285,-241
288,-252
274,-225
276,-238
280,-228
281,-231
283,-225
286,-238
275,-211
275,-205
277,-213
279,-210
282,-209
285,-212
272,-199
274,-198
278,-198
280,-189
282,-190
287,-203
273,-175
276,-172
279,-173
282,-184
282,-178
287,-177
273,-160
275,-168
278,-161
279,-168
283,-167
288,-155
274,-145
277,-145
280,-147
283,-147
284,-141
286,-143
272,-134
274,-133
274,-129
275,-122
280,-123
285,-123
281,-114
282,-116
284,-111
286,-111
286,-107
288,-106
272,-93
276,-90
282,-91
283,-93
283,-88
284,-94
278,-81
280,-83
281,-71
282,-75
282,-74
287,-72
272,-65
275,-62
276,-55
278,-65
282,-67
285,-64
273,-51
276,-48
276,-43
280,-40
281,-39
285,-44
273,-25
275,-33
275,-27
277,-30
277,-21
280,-30
274,-12
277,-17
277,-12
279,-17
279,-9
287,-16
273,3
274,14
279,8
285,7
285,14
286,14
274,17
281,25
282,20
282,28
283,28
283,32
273,40
274,49
276,41
277,43
281,44
286,48
280,56
281,52
283,61
283,65
284,59
286,56
277,74
279,74
281,71
283,72
284,71
286,77
272,93
273,98
274,92
274,95
286,98
288,96
275,113
276,117
277,105
277,112
283,103
286,102
275,132
276,125
279,134
280,122
280,127
286,119
274,140
276,148
278,143
282,146
287,142
288,151
279,163
280,164
280,165
284,156
286,165
272,180
273,171
274,170
275,176
277,182
286,170
273,187
280,202
281,203
282,201
286,189
286,201
273,209
273,218
278,207
279,208
282,219
287,213
273,221
277,232
277,234
281,225
284,224
285,223
274,251
276,243
284,243
284,252
284,254
286,251
273,256
277,256
277,260
283,267
287,257
288,255
272,288
274,285
278,280
279,273
280,280
286,287
272,295
275,302
276,299
278,293
280,303
283,294
259,305
261,290
261,297
266,300
269,289
270,297
238,298
240,293
241,301
241,303
243,289
243,292
227,301
228,294
229,289
229,296
231,297
206,304
208,297
212,296
216,299
217,295
219,298
190,294
193,301
194,304
198,290
199,305
172,305
178,304
181,296
182,297
183,299
185,302
153,304
154,300
157,290
157,298
159,297
161,291
137,290
138,293
140,297
140,305
142,289
144,293
119,301
124,301
128,302
131,295
133,302
134,302
103,290
103,302
106,295
109,304
116,295
92,293
93,292
93,296
96,302
99,295
100,289
68,295
72,304
79,290
81,290
82,299
84,296
53,303
61,292
61,297
62,293
64,293
66,304
34,295
44,296
44,298
46,302
46,303
47,296
17,292
24,301
24,304
25,289
30,291
31,304
1,296
1,303
2,302
4,295
13,292
14,296
-16,302
-13,299
-3,289
-2,290
-1,290
-33,291
-29,293
-27,292
-23,305
-21,304
-20,289
-47,298
-45,304
-41,301
-38,292
-35,296
-67,299
-61,297
-60,290
-58,305
-56,290
-56,293
-85,293
-79,304
-76,299
-73,293
-70,291
-70,303
-102,301
-102,303
-97,298
-94,292
-93,292
-90,299
-115,289
-115,303
-113,300
-105,289
-104,292
-104,305
-135,289
-135,302
-130,293
-126,296
-125,300
-121,290
-150,304
-146,293
-145,290
-139,300
-139,303
-137,297
-170,290
-165,295
-156,293
-156,295
-156,304
-155,295
-187,303
-184,293
-182,305
-178,305
-177,302
-175,291
-204,295
-204,297
-203,303
-200,294
-197,292
-192,300
-221,295
-217,300
-213,291
-212,290
-212,292
-206,289
-236,299
-235,298
-234,295
-233,301
-232,302
-225,297
-251,305
-248,301
-245,301
-243,295
-243,303
-242,292
-271,294
-267,289
-263,297
-262,298
-259,303
-258,295
-288,291
-285,294
-282,295
-281,298
-278,291
-276,303
-288,287
-286,286
-285,285
-282,280
-278,280
-275,276
-287,255
-287,271
-286,264
-278,268
-276,270
-275,260
-289,240
-289,243
-288,238
-282,249
-281,252
-281,253
-288,235
-285,221
-283,221
-283,233
-282,230
-273,235
-287,205
-284,206
-282,206
-282,215
-277,206
-273,214
-288,201
-284,196
-283,188
-282,192
-274,190
-273,191
-287,176
-285,171
-283,172
-280,175
-275,174
-274,178
-288,158
-288,160
-284,157
-281,155
-276,165
-275,163
-289,137
-282,143
-280,139
-279,142
-274,151
-273,149
-288,131
-287,128
-283,134
-279,133
-274,125
-273,127
-287,107
-279,104
-277,114
-275,118
-274,104
-274,116
-288,90
-287,92
-282,92
-279,97
-276,86
-273,99
-281,74
-281,84
-279,83
-278,84
-277,84
-273,84
-281,52
-281,57
-280,62
-280,64
-278,55
-273,55
-289,45
-288,35
-287,41
-283,39
-281,35
-275,48
-288,30
-287,29
-287,32
-283,28
-278,27
-273,24
-284,4
-282,0
-282,12
-282,14
-279,7
-275,10
-289,-9
-286,-8
-279,-14
-278,-17
-277,-1
-273,-2
-287,-22
-287,-20
-284,-25
-278,-31
-275,-30
-275,-24
-284,-47
-282,-46
-280,-47
-278,-48
-277,-50
-275,-43
-289,-55
-286,-61
-282,-53
-278,-55
-278,-53
-275,-60
-285,-82
-284,-75
-283,-74
-277,-77
-274,-70
-274,-69
-286,-102
-286,-100
-283,-96
-282,-102
-279,-89
-279,-87
-285,-108
-279,-108
-277,-116
-276,-116
-276,-114
-274,-114
-289,-130
-282,-124
-280,-120
-277,-131
-274,-122
-274,-121
-289,-152
-289,-145
-284,-144
-279,-153
-276,-143
-275,-152
-289,-158
-284,-165
-284,-160
-278,-169
-278,-163
-273,-166
-286,-178
-285,-171
-283,-185
-279,-172
-278,-176
-277,-181
-289,-203
-287,-204
-284,-189
-280,-197
-274,-201
-274,-190
-289,-205
-287,-215
-278,-218
-277,-221
-274,-207
-273,-212
-289,-222
-283,-233
-283,-228
-280,-232
-279,-231
-276,-237
-288,-248
-287,-243
-282,-247
-278,-255
-274,-252
-273,-248
-289,-264
-288,-270
-277,-257
-275,-256
-274,-266
-274,-265
-288,-287
-288,-281
-288,-273
-282,-277
-280,-279
-274,-278
-271,-285
-265,-286
-263,-282
-260,-288
-260,-277
-258,-280
-255,-282
-253,-282
-251,-282
-250,-277
-243,-289
-240,-281
-237,-285
-237,-284
-235,-284
-231,-276
-224,-279
-224,-274
-220,-282
-215,-277
-213,-279
-211,-286
-211,-279
-209,-286
-202,-286
-199,-277
-198,-282
-198,-275
-195,-288
-193,-282
-187,-285
-181,-287
-181,-280
-181,-275
-180,-277
-174,-279
-170,-274
-168,-279
-166,-281
-163,-288
-160,-279
-155,-274
-152,-289
-151,-286
-146,-285
-145,-278
-144,-287
-140,-283
-136,-280
-134,-273
-128,-273
-123,-289
-121,-286
-118,-286
-116,-284
-113,-286
-107,-282
-107,-281
-103,-279
-102,-280
-102,-276
-101,-282
-93,-288
-91,-283
-90,-279
-80,-278
-79,-274
-77,-287
-77,-274
-74,-285
-69,-277
-64,-289
-64,-287
-63,-276
-62,-288
-61,-287
-53,-282
-51,-285
-51,-278
-49,-289
-49,-277
-40,-280
-39,-274
-30,-277
-29,-288
-25,-284
-25,-282
-24,-286
-24,-282
-16,-278
-13,-282
-12,-275
-10,-276
-8,-277
-7,-287
0,-286
1,-277
2,-279
3,-277
9,-283
13,-288
17,-284
24,-289
26,-288
29,-280
30,-280
31,-277
38,-288
38,-281
39,-287
40,-274
50,-288
50,-280
55,-278
60,-277
62,-276
65,-280
66,-284
67,-289
77,-288
77,-281
80,-273
81,-282
82,-275
92,-276
93,-289
94,-275
96,-281
97,-287
99,-286
103,-275
107,-287
114,-282
115,-284
118,-288
118,-273
119,-280
119,-274
123,-284
123,-279
127,-277
136,-287
136,-284
136,-281
137,-282
144,-278
150,-276
153,-277
154,-275
155,-276
158,-274
159,-287
160,-275
172,-280
176,-277
182,-288
182,-280
184,-275
186,-274
191,-287
192,-277
194,-284
198,-278
202,-288
203,-276
205,-281
206,-280
211,-274
212,-280
212,-273
214,-287
221,-274
222,-277
225,-281
226,-284
230,-286
232,-282
242,-273
245,-285
250,-278
253,-278
254,-285
254,-281
258,-280
263,-289
264,-275
267,-284
269,-287
270,-287
272,-285
277,-286
277,-276
281,-278
282,-276
283,-281
290,-289
295,-284
295,-280
295,-275
296,-287
296,-283
292,-272
294,-263
296,-259
300,-262
301,-257
305,-263
290,-254
292,-254
294,-251
294,-239
298,-242
304,-254
294,-225
298,-224
299,-238
301,-230
305,-223
305,-222
289,-205
293,-213
295,-218
297,-212
298,-206
301,-208
298,-202
301,-195
302,-202
303,-200
305,-193
290,-187
295,-183
295,-178
298,-186
299,-176
302,-172
292,-165
295,-154
296,-158
297,-158
298,-166
303,-169
291,-153
293,-140
296,-146
296,-145
299,-146
302,-146
289,-121
296,-129
299,-124
302,-129
302,-122
304,-128
289,-116
292,-119
292,-113
295,-107
297,-107
302,-113
289,-91
293,-91
293,-86
298,-97
299,-99
299,-98
290,-80
291,-79
292,-81
296,-78
296,-74
303,-72
291,-54
292,-54
293,-58
293,-52
301,-65
301,-55
291,-41
292,-42
294,-41
298,-41
302,-40
303,-40
289,-34
292,-20
293,-31
300,-24
302,-23
305,-21
290,-13
292,-1
294,-11
295,-12
295,-9
300,-8
291,11
292,12
295,0
301,7
303,6
305,5
291,18
291,27
291,29
293,27
301,20
291,46
291,48
292,39
293,48
300,44
303,43
291,52
294,59
302,59
303,58
304,57
305,67
298,81
301,73
303,76
305,75
305,78
305,81
289,93
293,90
298,89
298,100
299,94
300,98
290,108
292,109
294,116
297,111
301,118
305,103
291,124
292,126
293,120
294,127
298,135
304,124
290,141
291,136
292,149
299,140
301,151
302,151
293,167
298,167
299,163
300,153
300,159
304,169
290,170
291,180
295,176
299,185
303,183
305,172
296,201
296,203
297,191
297,198
301,188
305,190
291,215
292,205
296,206
298,215
299,220
302,207
291,229
295,226
295,229
297,232
300,223
305,232
289,245
289,253
291,251
293,244
299,242
304,240
295,269
296,257
300,256
301,263
305,257
305,262
291,272
292,272
300,285
301,273
304,286
305,276
289,302
291,296
291,298
295,295
296,295
302,289
290,310
290,318
291,317
294,320
300,311
303,319
275,309
277,314
283,316
284,308
286,306
288,322
262,307
263,322
264,311
267,313
269,320
271,320
244,308
245,311
247,315
251,318
251,322
254,321
222,310
223,315
228,306
232,322
235,321
237,320
208,316
210,315
210,321
215,320
216,315
219,308
190,313
190,315
191,306
191,319
193,319
198,321
174,322
178,309
180,313
183,306
186,308
153,315
154,311
155,313
162,307
162,318
169,310
137,319
140,320
142,314
143,315
144,315
152,307
123,318
124,314
125,318
125,322
135,309
135,313
104,310
106,321
108,310
110,319
111,320
115,312
85,314
90,320
96,313
98,313
99,317
100,311
69,308
72,311
72,315
78,321
80,311
81,308
53,309
57,318
58,317
60,321
61,314
67,318
43,309
43,311
44,317
46,321
50,307
50,312
22,318
24,320
25,318
28,309
28,317
30,316
1,308
4,315
8,320
11,308
11,317
13,318
-16,316
-9,309
-6,315
-5,307
-3,307
-1,307
-34,318
-33,318
-30,313
-24,320
-23,310
-22,321
-49,310
-40,312
-39,321
-35,306
-35,310
-68,311
-67,317
-62,309
-59,322
-57,307
-56,321
-80,307
-78,313
-76,306
-76,307
-75,322
-71,322
-100,310
-98,310
-97,316
-91,317
-90,314
-86,315
-115,322
-112,312
-111,311
-108,320
-104,312
-104,318
-136,319
-130,322
-129,317
-128,309
-128,311
-121,318
-153,322
-150,318
-148,320
-142,320
-139,313
-166,312
-165,321
-164,314
-164,316
-163,312
-154,310
-184,317
-179,317
-178,314
-177,311
-173,307
-173,309
-200,312
-199,307
-196,308
-192,306
-192,313
-221,311
-217,313
-216,318
-214,310
-214,322
-213,320
-234,313
-231,310
-231,316
-229,306
-229,312
-222,310
-254,316
-253,309
-251,321
-250,322
-249,316
-249,318
-270,309
-262,316
-262,320
-258,316
-256,308
-289,317
-287,312
-284,310
-279,313
-278,320
-275,309
-305,315
-302,316
-297,322
-295,321
-291,321
-290,322
-304,297
-303,300
-302,301
-301,294
-299,303
-298,302
-305,287
-305,288
-295,286
-294,278
-294,281
-294,284
-306,262
-305,256
-297,265
-295,266
-293,268
-292,269
-297,254
-296,253
-296,254
-294,253
-293,248
-293,249
-302,237
-301,232
-298,225
-298,229
-296,225
-290,227
-304,218
-300,212
-298,205
-295,207
-295,215
-292,212
-304,187
-302,193
-296,191
-296,194
-294,190
-293,198
-304,184
-302,178
-298,173
-298,177
-298,182
-291,185
-305,168
-300,165
-297,166
-297,168
-295,165
-292,165
-305,142
-302,148
-302,149
-295,151
-291,138
-290,138
-304,135
-298,121
-298,126
-298,133
-296,122
-295,122
-305,102
-303,107
-301,103
-301,118
-297,114
-295,118
-306,85
-306,95
-306,99
-299,96
-297,95
-290,89
-303,80
-300,80
-300,82
-298,74
-297,68
-293,81
-303,52
-300,55
-300,60
-298,67
-297,53
-290,62
-303,47
-301,47
-297,37
-296,43
-295,41
-290,36
-303,25
-298,30
-297,30
-293,20
-290,24
-290,31
-305,4
-293,1
-292,0
-291,4
-290,11
-290,13
-301,-14
-301,-5
-297,-17
-297,-8
-294,-11
-291,-9
-304,-31
-303,-29
-301,-21
-296,-26
-294,-33
-293,-29
-306,-37
-304,-40
-303,-49
-299,-43
-295,-50
-291,-45
-306,-52
-304,-53
-296,-62
-296,-54
-295,-65
-292,-65
-305,-77
-305,-74
-302,-78
-298,-84
-292,-71
-291,-73
-305,-92
-303,-91
-300,-96
-300,-95
-297,-102
-292,-95
-304,-109
-298,-108
-294,-119
-294,-111
-293,-118
-290,-114
-306,-131
-299,-123
-298,-136
-296,-133
-294,-124
-292,-126
-306,-149
-297,-153
-293,-151
-293,-140
-292,-146
-290,-145
-306,-169
-305,-168
-301,-169
-301,-161
-293,-163
-290,-164
-306,-181
-305,-186
-294,-186
-293,-181
-291,-171
-290,-181
-306,-195
-305,-193
-299,-190
-292,-204
-292,-197
-290,-197
-302,-205
-301,-220
-300,-219
-294,-213
-292,-220
-291,-218
-306,-227
-306,-222
-303,-235
-297,-236
-292,-222
-291,-222
-305,-253
-295,-246
-294,-249
-292,-255
-292,-252
-291,-249
-300,-271
-299,-267
-297,-263
-292,-263
-292,-258
-291,-261
-304,-273
-297,-280
-296,-283
-294,-287
-294,-278
-292,-288
-304,-302
-303,-302
-300,-295
-298,-296
-297,-302
-294,-305
-288,-303
-288,-292
-287,-301
-287,-290
-279,-296
-278,-292
-270,-293
-264,-290
-260,-305
-259,-301
-256,-301
-256,-294
-255,-299
-254,-293
-253,-295
-247,-306
-246,-291
-243,-299
-235,-291
-232,-301
-228,-293
-225,-304
-225,-297
-223,-296
-220,-296
-219,-303
-219,-297
-214,-294
-209,-305
-206,-296
-200,-290
-199,-290
-198,-298
-195,-304
-195,-293
-189,-304
-184,-298
-180,-298
-180,-297
-178,-304
-174,-297
-171,-297
-166,-294
-163,-302
-161,-299
-160,-294
-158,-296
-155,-296
-149,-291
-147,-304
-143,-293
-142,-292
-139,-294
-137,-305
-136,-295
-134,-301
-125,-295
-123,-297
-122,-302
-119,-300
-112,-297
-110,-299
-108,-293
-107,-297
-103,-301
-100,-295
-99,-298
-95,-295
-93,-300
-90,-302
-85,-305
-85,-299
-83,-295
-80,-300
-78,-294
-75,-305
-68,-304
-66,-290
-60,-299
-59,-297
-53,-302
-48,-299
-48,-293
-45,-299
-42,-297
-36,-302
-35,-291
-33,-300
-32,-291
-30,-301
-27,-305
-18,-303
-18,-296
-15,-301
-11,-303
-11,-296
-4,-298
-1,-300
-1,-296
4,-290
6,-304
8,-290
10,-299
12,-305
15,-297
20,-304
21,-297
22,-296
23,-306
24,-294
33,-302
34,-299
34,-297
36,-304
41,-305
50,-306
50,-298
54,-296
56,-303
56,-300
57,-291
63,-292
65,-294
69,-292
71,-301
72,-291
75,-297
79,-296
81,-300
89,-297
92,-304
92,-294
92,-291
97,-299
102,-290
106,-291
107,-302
109,-304
115,-306
118,-306
120,-300
121,-303
128,-305
131,-294
134,-303
135,-292
141,-302
143,-302
144,-299
147,-290
148,-306
150,-296
153,-294
153,-292
155,-292
161,-302
163,-294
165,-299
178,-298
178,-291
179,-301
184,-295
185,-299
190,-290
193,-299
194,-296
195,-300
196,-303
201,-294
204,-296
208,-306
208,-297
211,-299
215,-305
216,-295
222,-297
226,-297
230,-298
233,-297
235,-301
238,-302
239,-294
244,-301
245,-303
253,-306
254,-300
257,-306
258,-306
265,-291
266,-297
266,-293
270,-304
274,-295
277,-290
279,-306
282,-292
283,-302
285,-302
291,-306
297,-294
303,-303
303,-296
303,-292
304,-301
307,-298
307,-294
310,-298
313,-296
315,-297
317,-298
308,-288
311,-289
312,-287
317,-289
320,-283
322,-283
307,-262
308,-264
313,-269
315,-266
316,-266
319,-269
306,-247
310,-252
310,-245
313,-246
315,-255
321,-241
306,-228
308,-227
310,-235
310,-228
316,-227
320,-224
308,-209
309,-205
311,-209
312,-219
313,-217
318,-218
306,-204
313,-202
319,-202
320,-199
320,-196
321,-204
307,-176
309,-180
314,-181
316,-182
319,-171
320,-182
311,-165
316,-154
318,-164
318,-156
321,-168
321,-164
306,-149
306,-138
306,-137
313,-144
316,-148
322,-145
307,-129
309,-129
312,-136
315,-134
319,-125
308,-113
310,-107
321,-115
322,-107
307,-97
308,-100
312,-91
317,-102
320,-101
321,-95
306,-78
309,-70
311,-71
315,-81
317,-85
321,-78
311,-67
313,-66
313,-60
314,-59
317,-59
322,-57
310,-35
311,-45
314,-50
314,-40
314,-37
320,-47
308,-30
310,-27
314,-31
314,-30
316,-34
321,-24
308,-5
309,-12
313,-12
318,-1
320,-15
321,-1
307,3
308,0
309,13
312,11
313,16
314,11
312,26
315,27
317,30
319,21
321,32
322,23
307,50
311,48
313,43
316,47
318,50
320,40
306,57
306,67
308,63
315,57
318,52
319,57
307,78
308,76
308,77
313,70
316,69
316,72
306,94
307,87
307,92
313,97
316,91
319,91
306,104
306,107
308,104
316,108
316,116
318,105
307,120
315,123
315,131
319,133
321,120
322,124
307,146
308,141
308,144
314,152
316,150
319,142
307,168
317,157
318,155
319,169
320,156
321,156
314,184
315,180
316,176
320,173
320,174
321,186
306,203
314,191
315,191
319,201
320,188
322,202
308,216
312,206
312,210
313,210
319,217
322,206
306,232
311,221
318,235
319,222
322,225
322,227
308,247
309,251
312,243
314,252
318,250
318,253
306,271
309,263
309,270
313,264
321,258
322,267
309,284
311,274
312,286
313,272
316,277
318,272
306,299
311,295
311,296
312,293
315,305
321,298
311,322
313,313
315,308
315,318
317,322
322,322
307,327
311,339
314,324
318,332
319,325
319,336
292,331
295,338
302,336
305,332
305,339
274,334
275,330
276,331
277,326
284,339
287,333
264,330
267,336
267,338
269,332
269,337
271,331
238,330
245,326
246,326
251,331
254,334
254,337
223,330
223,331
224,336
226,332
233,325
235,329
204,337
207,330
214,334
214,336
216,339
218,335
188,331
190,328
191,339
197,327
198,324
199,339
176,326
176,329
178,327
179,332
184,331
185,328
153,326
153,335
155,328
161,327
162,335
168,333
136,331
141,328
147,337
148,334
148,339
150,325
119,327
123,323
127,335
129,331
133,329
135,332
111,333
112,327
114,324
114,325
114,335
118,329
85,325
88,324
91,325
94,325
94,339
98,323
69,331
77,334
82,327
82,335
83,336
84,336
56,323
59,330
63,323
65,323
65,326
65,336
34,332
35,323
48,334
48,335
50,325
50,339
20,326
20,338
26,325
27,339
29,329
33,334
2,323
6,338
7,334
7,337
12,338
13,323
-9,336
-8,326
-6,333
-3,325
-2,331
-1,336
-32,335
-28,338
-24,328
-23,332
-19,328
-18,337
-51,339
-46,325
-45,339
-44,326
-44,337
-40,334
-68,326
-68,335
-67,324
-67,329
-67,333
-65,330
-84,330
-81,326
-78,335
-73,332
-72,333
-69,336
-102,332
-93,329
-92,327
-89,333
-87,325
-119,336
-118,333
-117,330
-113,338
-112,329
-103,336
-135,333
-133,329
-129,325
-126,331
-123,335
-147,339
-146,328
-143,330
-141,330
-139,330
-139,332
-168,328
-163,339
-158,335
-156,328
-155,325
-154,329
-186,329
-183,334
-182,323
-182,333
-176,331
-174,326
-202,334
-201,326
-200,325
-189,337
-188,324
-188,331
-221,328
-221,333
-220,334
-218,327
-209,332
-207,326
-238,334
-235,330
-234,329
-229,331
-225,324
-251,336
-250,326
-247,325
-242,324
-242,330
-241,327
-270,329
-268,336
-266,334
-265,324
-261,334
-258,329
-286,337
-284,332
-282,333
-280,339
-279,327
-279,328
-305,323
-303,323
-302,336
-297,335
-292,332
-292,335
-321,333
-319,329
-318,332
-318,335
-313,333
-311,334
-321,308
-318,307
-314,313
-313,314
-311,313
-308,307
-318,298
-318,302
-314,294
-312,291
-312,298
-309,300
-323,275
-320,274
-317,287
-313,278
-313,287
-307,284
-322,256
-321,268
-318,265
-314,268
-310,269
-308,258
-323,252
-317,250
-314,254
-313,245
-308,244
-308,252
-323,230
-320,222
-320,227
-318,236
-317,224
-312,224
-322,219
-321,213
-314,212
-311,220
-310,220
-308,215
-323,187
-322,189
-320,200
-317,202
-315,198
-308,188
-323,174
-317,171
-317,179
-312,174
-311,178
-308,184
-323,168
-319,166
-318,165
-317,167
-315,161
-311,163
-322,138
-321,144
-321,151
-319,140
-319,147
-318,140
-320,129
-320,131
-314,123
-311,132
-310,120
-310,131
-323,114
-323,118
-322,111
-318,118
-315,110
-323,101
-322,99
-311,90
-308,85
-307,100
-319,73
-316,73
-315,68
-315,72
-312,76
-307,81
-320,65
-318,57
-318,60
-318,64
-317,59
-314,65
-321,48
-320,38
-313,45
-311,42
-310,43
-307,50
-323,19
-323,20
-322,33
-318,23
-318,30
-311,22
-320,7
-318,5
-317,8
-316,5
-316,15
-307,8
-323,-10
-323,-5
-319,-2
-315,-5
-310,-8
-308,-11
-323,-31
-320,-33
-318,-29
-317,-25
-315,-22
-314,-18
-320,-39
-317,-49
-311,-51
-311,-38
-309,-43
-308,-48
-323,-58
-322,-63
-320,-54
-318,-60
-314,-62
-320,-73
-316,-80
-315,-75
-315,-70
-311,-72
-307,-78
-321,-101
-318,-102
-318,-99
-315,-92
-315,-87
-310,-93
-323,-118
-322,-116
-314,-113
-311,-116
-307,-113
-321,-126
-319,-132
-316,-128
-316,-127
-313,-131
-308,-134
-323,-141
-323,-137
-319,-139
-313,-148
-310,-152
-308,-150
-321,-157
-320,-170
-319,-156
-317,-162
-315,-154
-311,-170
-322,-180
-322,-176
-320,-182
-320,-174
-317,-173
-314,-183
-323,-200
-317,-191
-312,-197
-311,-195
-307,-202
-307,-195
-323,-216
-319,-208
-314,-217
-312,-211
-311,-221
-307,-205
-323,-223
-320,-236
-318,-224
-310,-237
-309,-225
-307,-227
-322,-251
-321,-245
-319,-249
-317,-241
-317,-240
-307,-249
-314,-268
-314,-265
-314,-261
-312,-271
-311,-264
-310,-262
-321,-289
-318,-286
-317,-276
-311,-280
-311,-276
-309,-273
-323,-291
-321,-291
-317,-293
-315,-301
-315,-295
-314,-304
-317,-311
-315,-323
-312,-308
-310,-312
-309,-311
-309,-309
-306,-314
-296,-316
-296,-307
-295,-320
-293,-313
-288,-314
-284,-309
-283,-323
-282,-317
-279,-316
-276,-311
-271,-313
-266,-309
-265,-320
-265,-312
-265,-308
-256,-317
-254,-313
-252,-322
-252,-309
-247,-310
-247,-308
-241,-307
-238,-320
-238,-309
-238,-307
-233,-321
-230,-308
-225,-309
-220,-307
-219,-323
-219,-313
-213,-321
-213,-315
-204,-316
-202,-320
-200,-319
-194,-320
-191,-313
-189,-308
-185,-321
-184,-311
-174,-319
-173,-318
-171,-323
-171,-308
-167,-320
-161,-321
-160,-317
-159,-311
-159,-307
-155,-310
-151,-319
-149,-321
-148,-318
-148,-315
-146,-311
-136,-323
-133,-315
-128,-317
-122,-310
-121,-317
-120,-321
-119,-307
-118,-309
-118,-307
-108,-316
-108,-314
-105,-311
-102,-315
-101,-313
-98,-323
-98,-317
-96,-312
-94,-320
-83,-317
-81,-309
-75,-315
-74,-310
-73,-317
-69,-310
-68,-315
-63,-308
-62,-318
-59,-323
-59,-307
-52,-316
-44,-321
-44,-315
-44,-311
-43,-310
-37,-313
-36,-312
-34,-321
-31,-318
-21,-322
-21,-315
-20,-310
-18,-320
-17,-316
-17,-309
-13,-314
-10,-310
-7,-313
-3,-321
1,-311
5,-317
10,-323
11,-323
16,-315
16,-312
17,-308
18,-316
23,-323
23,-322
24,-321
33,-311
35,-311
37,-318
42,-321
43,-321
43,-316
50,-320
53,-320
59,-310
59,-307
60,-311
61,-318
62,-322
70,-318
70,-314
77,-319
79,-319
80,-308
83,-315
85,-321
86,-310
88,-318
90,-318
92,-317
97,-319
102,-318
106,-321
107,-320
110,-322
110,-317
115,-318
120,-313
124,-317
127,-311
128,-311
133,-315
133,-309
136,-314
139,-312
141,-312
147,-311
151,-311
152,-316
158,-322
159,-311
162,-321
162,-320
164,-311
166,-315
172,-312
177,-323
177,-316
178,-315
181,-322
181,-320
191,-312
193,-309
200,-318
200,-307
201,-317
202,-314
204,-321
205,-311
206,-320
215,-315
215,-314
217,-311
222,-318
228,-314
230,-313
232,-323
232,-321
237,-322
239,-313
241,-311
250,-313
252,-322
252,-319
253,-320
257,-322
262,-317
265,-323
266,-315
267,-311
269,-312
273,-314
277,-314
277,-310
281,-319
285,-317
286,-312
297,-319
300,-316
301,-310
302,-316
302,-308
304,-317
306,-315
308,-320
312,-319
314,-320
315,-323
315,-320
325,-322
325,-311
331,-309
333,-314
339,-310
331,-301
332,-296
333,-298
336,-297
338,-299
339,-299
324,-275
326,-283
330,-285
330,-275
337,-286
337,-282
323,-267
326,-272
327,-264
328,-260
334,-265
338,-265
323,-249
330,-246
334,-239
336,-250
337,-239
338,-250
335,-224
338,-235
338,-233
338,-228
338,-223
339,-238
326,-213
328,-218
331,-207
333,-208
337,-220
338,-211
325,-201
328,-202
329,-192
332,-200
337,-193
328,-187
329,-181
332,-186
337,-175
338,-181
339,-171
323,-163
325,-167
326,-163
332,-159
335,-165
337,-160
331,-138
334,-148
335,-141
338,-153
338,-150
339,-150
323,-127
324,-136
325,-133
325,-124
332,-123
336,-130
327,-112
327,-103
328,-108
329,-107
333,-115
338,-112
324,-91
331,-92
332,-95
333,-93
334,-86
337,-95
323,-72
323,-70
329,-85
335,-69
337,-76
339,-72
325,-61
329,-54
336,-63
337,-62
337,-59
339,-53
323,-43
323,-36
330,-47
331,-36
336,-46
336,-36
323,-25
328,-22
329,-30
329,-20
334,-31
335,-25
324,-5
329,-9
329,-2
334,-16
334,-3
339,-16
324,10
328,9
329,12
333,8
335,4
335,13
326,19
327,33
328,17
329,23
332,28
334,26
325,49
327,48
331,38
332,43
332,49
336,43
323,54
324,58
329,67
331,54
334,60
337,59
327,72
327,81
330,68
335,78
336,79
337,69
323,98
324,96
325,92
327,86
331,100
339,85
324,118
331,105
332,110
335,117
337,117
338,106
325,128
327,128
331,125
332,124
333,126
339,121
326,151
328,149
331,148
332,137
335,146
338,149
327,157
328,167
330,169
334,153
338,159
325,173
325,174
333,177
335,180
337,175
327,202
328,194
329,194
330,202
333,200
328,207
329,205
331,205
336,215
338,215
339,207
324,230
324,233
325,235
326,228
330,225
333,221
327,252
333,243
336,241
339,246
339,254
323,255
323,259
325,259
325,271
326,262
337,255
327,280
328,276
331,282
334,282
337,284
339,274
326,303
332,293
333,294
334,303
337,303
339,303
327,317
329,312
332,310
335,322
336,320
337,312
323,330
323,335
324,329
325,323
335,323
339,328
324,345
328,343
328,351
332,341
332,346
333,345
306,348
309,352
310,348
311,356
317,348
322,355
290,347
293,347
298,350
301,355
302,351
303,340
276,350
278,351
280,346
285,348
285,350
287,346
256,348
258,345
258,346
262,349
268,348
271,344
242,349
245,340
245,347
248,356
250,342
253,340
221,351
230,351
232,353
237,344
237,345
204,353
212,347
217,347
220,347
220,353
220,356
187,351
189,350
189,354
191,350
192,343
200,343
170,346
171,340
177,355
179,349
182,354
186,347
156,355
159,349
162,343
164,346
165,342
169,352
141,347
142,355
148,350
148,352
150,344
152,344
120,347
121,347
122,346
122,351
132,348
134,340
104,355
107,355
111,355
116,353
117,351
118,344
85,350
86,347
88,348
88,355
91,344
96,342
71,354
73,347
76,352
78,341
81,346
84,352
52,341
53,342
56,344
61,349
66,342
37,352
40,342
40,347
40,349
41,347
49,356
17,343
21,344
24,343
25,351
28,355
32,355
4,349
7,347
10,343
11,346
12,348
14,354
-17,349
-12,342
-10,341
-10,344
-7,346
-2,350
-32,346
-32,347
-31,349
-30,348
-26,341
-18,340
-49,340
-47,351
-47,356
-42,355
-40,353
-37,356
-67,350
-67,354
-62,348
-60,348
-56,352
-54,351
-85,351
-85,355
-83,351
-82,343
-71,348
-70,348
-102,340
-101,344
-92,344
-91,351
-89,347
-86,344
-109,347
-108,344
-108,349
-107,346
-107,356
-104,340
-136,354
-135,344
-134,352
-132,342
-129,353
-125,341
-153,340
-152,353
-146,348
-145,356
-139,340
-137,350
-170,350
-166,348
-158,342
-155,348
-155,350
-155,353
-185,345
-182,353
-180,352
-176,340
-175,356
-172,340
-203,347
-202,350
-199,345
-193,347
-190,340
-188,348
-217,343
-217,353
-215,350
-209,346
-208,356
-205,344
-238,349
-234,353
-230,352
-230,356
-226,349
-223,355
-252,343
-252,355
-250,345
-249,353
-243,347
-243,349
-272,348
-272,350
-271,356
-269,340
-267,346
-264,341
-286,354
-285,342
-275,340
-274,343
-274,346
-273,340
-304,342
-304,354
-303,355
-296,344
-295,341
-294,353
-321,353
-320,342
-316,351
-315,354
-311,354
-310,350
-340,347
-332,354
-331,349
-328,341
-326,343
-325,353